1.000000,0.000000,0.000000,0.000000,0.000000,0.000000,0.000000,0.000000,0.000000,0.000000,0.000000,0.000000,0.000000,0.000000,0.000000,0.000000,0.000000,0.000000,0.000000,0.000000,0.000000,0.000000,0.000000,0.000000,0.000000,0.000000,0.000000,0.000000,0.000000,0.107106,0.000000,0.000000,0.000000,0.000000,0.000000,0.000000,0.000000,0.000000,0.000000,0.000000,0.000000,0.000000,0.000000,0.000000,0.000000,0.000000,0.000000,0.000000,0.000000,0.000000,0.000000,0.000000,0.000000,0.000000,0.000000,0.000000,0.000000,0.000000,0.000000,0.000000,0.000000,0.000000,0.000000,0.000000,0.000000,0.000000,0.000000,0.000000,0.000000,0.000000,0.000000,0.000000,0.000000,0.000000,0.000000,0.000000,0.000000,0.000000,0.000000,0.000000,0.000000,0.160288,0.000000,0.000000,0.000000,0.160288,0.160288,0.000000,0.000000,0.000000,0.000000,0.000000,0.000000,0.000000,0.000000,0.000000,0.118965,0.000000,0.000000
0.000000,1.000000,0.000000,0.000000,0.000000,0.000000,0.000000,0.000000,0.000000,0.000000,0.000000,0.000000,0.000000,0.000000,0.000000,0.000000,0.000000,0.000000,0.000000,0.000000,0.000000,0.000000,0.000000,0.000000,0.000000,0.000000,0.000000,0.000000,0.000000,0.000000,0.000000,0.000000,0.161004,0.000000,0.000000,0.000000,0.000000,0.000000,0.000000,0.000000,0.000000,0.000000,0.000000,0.000000,0.000000,0.000000,0.000000,0.000000,0.000000,0.000000,0.000000,0.000000,0.000000,0.000000,0.000000,0.000000,0.000000,0.000000,0.000000,0.000000,0.000000,0.000000,0.000000,0.000000,0.000000,0.118969,0.000000,0.000000,0.000000,0.000000,0.000000,0.000000,0.000000,0.000000,0.000000,0.000000,0.125690,0.000000,0.000000,0.000000,0.000000,0.000000,0.000000,0.000000,0.000000,0.000000,0.000000,0.000000,0.000000,0.000000,0.174081,0.138889,0.300814,0.000000,0.000000,0.210647,0.000000,0.000000,0.000000
0.000000,0.000000,1.000000,0.342016,0.000000,0.000000,0.401003,0.255554,0.527424,0.144688,0.102734,0.136633,0.088382,0.136131,0.094008,0.124160,0.000000,0.411570,0.067142,0.071065,0.166529,0.000000,0.000000,0.097605,0.000000,0.000000,0.134363,0.000000,0.142722,0.000000,0.000000,0.098556,0.000000,0.000000,0.093143,0.000000,0.062943,0.000000,0.000000,0.000000,0.109453,0.116133,0.000000,0.000000,0.000000,0.000000,0.091668,0.088866,0.084648,0.000000,0.000000,0.000000,0.167100,0.000000,0.000000,0.000000,0.000000,0.167100,0.066756,0.109453,0.099654,0.098954,0.085425,0.180892,0.000000,0.000000,0.100097,0.000000,0.000000,0.000000,0.070577,0.053583,0.158772,0.000000,0.000000,0.000000,0.000000,0.212490,0.000000,0.085173,0.079590,0.000000,0.000000,0.000000,0.000000,0.000000,0.000000,0.000000,0.000000,0.000000,0.000000,0.000000,0.000000,0.000000,0.000000,0.000000,0.000000,0.000000,0.000000
0.000000,0.000000,0.342016,1.000000,0.000000,0.000000,0.381110,0.245880,0.490591,0.139268,0.098767,0.128755,0.084140,0.129290,0.285470,0.120619,0.000000,0.387969,0.063795,0.067678,0.157116,0.000000,0.000000,0.093285,0.000000,0.000000,0.127846,0.000000,0.134611,0.000000,0.000000,0.093877,0.000000,0.000000,0.088125,0.000000,0.060900,0.000000,0.000000,0.000000,0.103318,0.109998,0.000000,0.000000,0.000000,0.000000,0.087317,0.083542,0.080382,0.000000,0.000000,0.000000,0.159758,0.000000,0.000000,0.000000,0.000000,0.159758,0.063767,0.103318,0.094023,0.092908,0.082292,0.171494,0.000000,0.000000,0.093839,0.000000,0.000000,0.000000,0.066732,0.051063,0.152901,0.000000,0.000000,0.000000,0.000000,0.200315,0.000000,0.081500,0.077072,0.000000,0.000000,0.000000,0.000000,0.000000,0.000000,0.000000,0.000000,0.000000,0.000000,0.000000,0.000000,0.000000,0.000000,0.000000,0.000000,0.000000,0.000000
0.000000,0.000000,0.000000,0.000000,1.000000,0.000000,0.000000,0.000000,0.000000,0.089021,0.086671,0.089473,0.000000,0.000000,0.089821,0.000000,0.000000,0.000000,0.000000,0.181006,0.000000,0.071925,0.100449,0.000000,0.268931,0.238696,0.000000,0.173037,0.000000,0.073244,0.238696,0.000000,0.000000,0.093159,0.000000,0.267330,0.000000,0.000000,0.000000,0.000000,0.223411,0.196579,0.143356,0.000000,0.000000,0.000000,0.000000,0.000000,0.180763,0.000000,0.145897,0.000000,0.176906,0.186249,0.000000,0.264967,0.000000,0.176906,0.000000,0.223411,0.240822,0.000000,0.000000,0.000000,0.000000,0.000000,0.000000,0.000000,0.000000,0.000000,0.000000,0.000000,0.000000,0.000000,0.000000,0.000000,0.000000,0.000000,0.000000,0.000000,0.000000,0.000000,0.064977,0.157105,0.157412,0.000000,0.000000,0.182731,0.166381,0.000000,0.000000,0.000000,0.000000,0.000000,0.000000,0.000000,0.000000,0.000000,0.136841
0.000000,0.000000,0.000000,0.000000,0.000000,1.000000,0.000000,0.000000,0.000000,0.000000,0.000000,0.000000,0.000000,0.000000,0.000000,0.000000,0.074364,0.000000,0.000000,0.000000,0.000000,0.000000,0.000000,0.099581,0.000000,0.000000,0.000000,0.000000,0.000000,0.000000,0.000000,0.000000,0.127775,0.000000,0.000000,0.000000,0.079832,0.000000,0.128089,0.131911,0.000000,0.000000,0.000000,0.000000,0.000000,0.000000,0.115447,0.000000,0.000000,0.000000,0.000000,0.000000,0.000000,0.000000,0.000000,0.000000,0.000000,0.000000,0.000000,0.000000,0.000000,0.000000,0.000000,0.000000,0.000000,0.000000,0.000000,0.000000,0.000000,0.000000,0.000000,0.000000,0.000000,0.000000,0.000000,0.000000,0.000000,0.000000,0.000000,0.000000,0.000000,0.000000,0.000000,0.000000,0.000000,0.000000,0.000000,0.000000,0.000000,0.000000,0.000000,0.000000,0.000000,0.000000,0.000000,0.000000,0.000000,0.000000,0.000000
0.000000,0.000000,0.401003,0.381110,0.000000,0.000000,1.000000,0.699594,0.538114,0.128594,0.310881,0.139125,0.562018,0.136862,0.101817,0.115838,0.000000,0.437002,0.070650,0.082409,0.181266,0.000000,0.000000,0.104526,0.000000,0.000000,0.135052,0.000000,0.143617,0.000000,0.000000,0.105749,0.000000,0.000000,0.094751,0.000000,0.067033,0.000000,0.000000,0.000000,0.109143,0.112075,0.000000,0.000000,0.000000,0.000000,0.099432,0.100695,0.088780,0.000000,0.000000,0.000000,0.181877,0.000000,0.000000,0.000000,0.000000,0.181877,0.077894,0.109143,0.107579,0.100693,0.086365,0.163360,0.000000,0.000000,0.101863,0.000000,0.000000,0.000000,0.074148,0.057963,0.191291,0.000000,0.000000,0.000000,0.000000,0.185842,0.000000,0.087033,0.249325,0.000000,0.000000,0.000000,0.000000,0.000000,0.000000,0.000000,0.000000,0.000000,0.000000,0.000000,0.000000,0.000000,0.000000,0.000000,0.000000,0.000000,0.000000
0.000000,0.000000,0.255554,0.245880,0.000000,0.000000,0.699594,1.000000,0.318530,0.089206,0.222815,0.094194,0.426612,0.105336,0.072812,0.089177,0.000000,0.288189,0.051935,0.057912,0.124390,0.000000,0.000000,0.075113,0.000000,0.000000,0.104516,0.000000,0.108280,0.000000,0.000000,0.075548,0.000000,0.000000,0.070178,0.000000,0.048031,0.000000,0.000000,0.000000,0.071253,0.067434,0.000000,0.000000,0.000000,0.000000,0.071587,0.067892,0.057920,0.000000,0.000000,0.000000,0.122439,0.000000,0.000000,0.000000,0.000000,0.122439,0.055290,0.071253,0.075656,0.072946,0.063223,0.115236,0.000000,0.000000,0.073471,0.000000,0.000000,0.000000,0.053796,0.042256,0.136126,0.000000,0.000000,0.000000,0.000000,0.127331,0.000000,0.063093,0.185219,0.000000,0.000000,0.000000,0.000000,0.000000,0.000000,0.000000,0.000000,0.000000,0.000000,0.000000,0.000000,0.000000,0.000000,0.000000,0.000000,0.000000,0.000000
0.000000,0.000000,0.527424,0.490591,0.000000,0.000000,0.538114,0.318530,1.000000,0.213397,0.133085,0.199487,0.109590,0.174202,0.121269,0.155815,0.000000,0.588549,0.082427,0.089177,0.217492,0.000000,0.000000,0.126100,0.000000,0.000000,0.170547,0.000000,0.188580,0.000000,0.000000,0.128063,0.000000,0.000000,0.118430,0.000000,0.075835,0.000000,0.000000,0.000000,0.155552,0.199731,0.000000,0.000000,0.000000,0.000000,0.117125,0.119303,0.113983,0.000000,0.000000,0.000000,0.222067,0.000000,0.000000,0.000000,0.000000,0.222067,0.082481,0.155552,0.131752,0.130028,0.105821,0.263685,0.000000,0.000000,0.132421,0.000000,0.000000,0.000000,0.088273,0.064403,0.191967,0.000000,0.000000,0.000000,0.000000,0.335231,0.000000,0.106484,0.096746,0.000000,0.000000,0.000000,0.000000,0.000000,0.000000,0.000000,0.000000,0.000000,0.000000,0.000000,0.000000,0.000000,0.000000,0.000000,0.000000,0.000000,0.000000
0.000000,0.000000,0.144688,0.139268,0.089021,0.000000,0.128594,0.089206,0.213397,1.000000,0.496331,0.000000,0.095945,0.000000,0.000000,0.138627,0.000000,0.156215,0.074487,0.000000,0.085702,0.000000,0.000000,0.000000,0.000000,0.000000,0.000000,0.000000,0.000000,0.000000,0.000000,0.000000,0.000000,0.000000,0.100818,0.000000,0.076358,0.000000,0.000000,0.000000,0.131980,0.155635,0.000000,0.000000,0.000000,0.000000,0.000000,0.000000,0.105815,0.000000,0.000000,0.000000,0.102753,0.000000,0.000000,0.000000,0.000000,0.102753,0.000000,0.131980,0.000000,0.106780,0.098807,0.200200,0.000000,0.000000,0.107954,0.000000,0.000000,0.000000,0.077994,0.060767,0.000000,0.000000,0.000000,0.000000,0.000000,0.235180,0.000000,0.097416,0.092559,0.000000,0.092436,0.000000,0.000000,0.000000,0.000000,0.000000,0.000000,0.000000,0.000000,0.000000,0.000000,0.000000,0.000000,0.000000,0.000000,0.000000,0.000000
0.000000,0.000000,0.102734,0.098767,0.086671,0.000000,0.310881,0.222815,0.133085,0.496331,1.000000,0.000000,0.256688,0.000000,0.000000,0.109920,0.000000,0.115207,0.065054,0.000000,0.070633,0.000000,0.000000,0.000000,0.000000,0.000000,0.000000,0.000000,0.000000,0.000000,0.000000,0.000000,0.000000,0.000000,0.086418,0.000000,0.063590,0.000000,0.000000,0.000000,0.098997,0.101930,0.000000,0.000000,0.000000,0.000000,0.000000,0.000000,0.081675,0.000000,0.000000,0.000000,0.078653,0.000000,0.000000,0.000000,0.000000,0.078653,0.000000,0.098997,0.000000,0.090692,0.081119,0.147970,0.000000,0.000000,0.091519,0.000000,0.000000,0.000000,0.067732,0.053731,0.000000,0.000000,0.000000,0.000000,0.000000,0.166036,0.000000,0.080900,0.235866,0.000000,0.090060,0.000000,0.000000,0.000000,0.000000,0.000000,0.000000,0.000000,0.000000,0.000000,0.000000,0.000000,0.000000,0.000000,0.000000,0.000000,0.000000
0.000000,0.000000,0.136633,0.128755,0.089473,0.000000,0.139125,0.094194,0.199487,0.000000,0.000000,1.000000,0.000000,0.424835,0.557637,0.000000,0.000000,0.145141,0.000000,0.584578,0.324947,0.315758,0.471867,0.336527,0.582678,0.574155,0.418804,0.342999,0.447803,0.000000,0.574155,0.338663,0.000000,0.468056,0.000000,0.187875,0.000000,0.000000,0.000000,0.000000,0.187827,0.189794,0.095526,0.000000,0.000000,0.000000,0.313253,0.320418,0.143079,0.000000,0.096010,0.000000,0.456937,0.131120,0.000000,0.181995,0.000000,0.456937,0.240261,0.187827,0.513731,0.000000,0.000000,0.000000,0.000000,0.000000,0.000000,0.000000,0.000000,0.000000,0.000000,0.000000,0.081721,0.000000,0.000000,0.000000,0.000000,0.000000,0.000000,0.000000,0.000000,0.000000,0.000000,0.000000,0.000000,0.000000,0.000000,0.000000,0.000000,0.000000,0.000000,0.000000,0.000000,0.000000,0.000000,0.000000,0.000000,0.000000,0.000000
0.000000,0.000000,0.088382,0.084140,0.000000,0.000000,0.562018,0.426612,0.109590,0.095945,0.256688,0.000000,1.000000,0.000000,0.000000,0.090588,0.000000,0.097821,0.066421,0.000000,0.072466,0.000000,0.000000,0.000000,0.000000,0.000000,0.000000,0.000000,0.000000,0.000000,0.000000,0.000000,0.000000,0.000000,0.083951,0.000000,0.061483,0.000000,0.000000,0.000000,0.089831,0.089181,0.000000,0.000000,0.000000,0.000000,0.000000,0.000000,0.077107,0.000000,0.000000,0.000000,0.073159,0.000000,0.000000,0.000000,0.000000,0.073159,0.000000,0.089831,0.000000,0.088541,0.074641,0.120268,0.000000,0.000000,0.089431,0.000000,0.000000,0.000000,0.069260,0.056878,0.000000,0.000000,0.000000,0.000000,0.000000,0.131614,0.000000,0.076320,0.217385,0.000000,0.000000,0.000000,0.000000,0.000000,0.000000,0.000000,0.000000,0.000000,0.000000,0.000000,0.000000,0.000000,0.000000,0.000000,0.000000,0.000000,0.000000
0.000000,0.000000,0.136131,0.129290,0.000000,0.000000,0.136862,0.105336,0.174202,0.000000,0.000000,0.424835,0.000000,1.000000,0.122809,0.000000,0.000000,0.143558,0.000000,0.293814,0.339541,0.000000,0.000000,0.340220,0.000000,0.000000,0.397498,0.000000,0.422002,0.000000,0.000000,0.344315,0.000000,0.000000,0.000000,0.000000,0.000000,0.000000,0.000000,0.000000,0.000000,0.000000,0.000000,0.000000,0.000000,0.000000,0.328915,0.343424,0.000000,0.000000,0.000000,0.000000,0.331151,0.000000,0.000000,0.000000,0.000000,0.331151,0.281401,0.000000,0.351580,0.000000,0.000000,0.000000,0.000000,0.000000,0.000000,0.000000,0.000000,0.000000,0.000000,0.000000,0.096092,0.000000,0.000000,0.000000,0.000000,0.000000,0.000000,0.000000,0.000000,0.000000,0.000000,0.000000,0.000000,0.000000,0.000000,0.000000,0.000000,0.000000,0.000000,0.000000,0.000000,0.000000,0.000000,0.000000,0.000000,0.000000,0.000000
0.000000,0.000000,0.094008,0.285470,0.089821,0.000000,0.101817,0.072812,0.121269,0.000000,0.000000,0.557637,0.000000,0.122809,1.000000,0.000000,0.000000,0.101609,0.000000,0.386649,0.091548,0.291568,0.407661,0.092450,0.475792,0.464922,0.121434,0.324583,0.127860,0.000000,0.464922,0.093466,0.000000,0.410374,0.000000,0.157284,0.000000,0.000000,0.000000,0.000000,0.157455,0.157455,0.090454,0.000000,0.000000,0.000000,0.088525,0.088366,0.129722,0.000000,0.096254,0.000000,0.210358,0.121245,0.000000,0.154059,0.000000,0.210358,0.070228,0.157455,0.245385,0.000000,0.000000,0.000000,0.000000,0.000000,0.000000,0.000000,0.000000,0.000000,0.000000,0.000000,0.065374,0.000000,0.000000,0.000000,0.000000,0.000000,0.000000,0.000000,0.000000,0.000000,0.000000,0.000000,0.000000,0.000000,0.000000,0.000000,0.000000,0.000000,0.000000,0.000000,0.000000,0.000000,0.000000,0.000000,0.000000,0.000000,0.000000
0.000000,0.000000,0.124160,0.120619,0.000000,0.000000,0.115838,0.089177,0.155815,0.138627,0.109920,0.000000,0.090588,0.000000,0.000000,1.000000,0.000000,0.132296,0.286692,0.000000,0.381151,0.000000,0.000000,0.000000,0.000000,0.000000,0.000000,0.000000,0.000000,0.000000,0.000000,0.000000,0.000000,0.000000,0.403502,0.000000,0.271737,0.000000,0.000000,0.000000,0.408716,0.384913,0.000000,0.000000,0.000000,0.000000,0.000000,0.000000,0.325827,0.000000,0.000000,0.000000,0.314632,0.000000,0.000000,0.000000,0.000000,0.314632,0.000000,0.408716,0.000000,0.419034,0.513784,0.545602,0.000000,0.000000,0.422020,0.000000,0.000000,0.000000,0.296628,0.226257,0.000000,0.000000,0.000000,0.000000,0.000000,0.413506,0.000000,0.433713,0.392441,0.000000,0.000000,0.000000,0.000000,0.000000,0.000000,0.000000,0.000000,0.000000,0.000000,0.000000,0.000000,0.000000,0.000000,0.000000,0.000000,0.000000,0.000000
0.000000,0.000000,0.000000,0.000000,0.000000,0.074364,0.000000,0.000000,0.000000,0.000000,0.000000,0.000000,0.000000,0.000000,0.000000,0.000000,1.000000,0.000000,0.000000,0.000000,0.000000,0.000000,0.000000,0.279438,0.000000,0.000000,0.000000,0.000000,0.000000,0.000000,0.000000,0.000000,0.090172,0.000000,0.000000,0.000000,0.054004,0.000000,0.090356,0.099270,0.000000,0.000000,0.000000,0.000000,0.000000,0.000000,0.082712,0.000000,0.000000,0.000000,0.000000,0.000000,0.000000,0.000000,0.000000,0.000000,0.000000,0.000000,0.000000,0.000000,0.000000,0.000000,0.000000,0.000000,0.000000,0.000000,0.000000,0.000000,0.000000,0.000000,0.000000,0.000000,0.000000,0.000000,0.000000,0.000000,0.000000,0.000000,0.000000,0.000000,0.000000,0.000000,0.000000,0.000000,0.000000,0.000000,0.000000,0.000000,0.000000,0.000000,0.000000,0.000000,0.000000,0.000000,0.000000,0.000000,0.000000,0.000000,0.000000
0.000000,0.000000,0.411570,0.387969,0.000000,0.000000,0.437002,0.288189,0.588549,0.156215,0.115207,0.145141,0.097821,0.143558,0.101609,0.132296,0.000000,1.000000,0.076273,0.078750,0.190238,0.000000,0.000000,0.104238,0.000000,0.000000,0.141365,0.000000,0.151846,0.000000,0.000000,0.105761,0.000000,0.000000,0.103561,0.000000,0.074338,0.000000,0.000000,0.000000,0.127900,0.139438,0.000000,0.000000,0.000000,0.000000,0.098824,0.098986,0.102363,0.000000,0.000000,0.000000,0.192057,0.000000,0.000000,0.000000,0.000000,0.192057,0.073915,0.127900,0.108415,0.110703,0.096595,0.194046,0.000000,0.000000,0.112125,0.000000,0.000000,0.000000,0.080317,0.062091,0.176568,0.000000,0.000000,0.000000,0.000000,0.226375,0.000000,0.096717,0.089966,0.000000,0.000000,0.000000,0.000000,0.000000,0.000000,0.000000,0.000000,0.000000,0.000000,0.000000,0.000000,0.000000,0.000000,0.000000,0.000000,0.000000,0.000000
0.000000,0.000000,0.067142,0.063795,0.000000,0.000000,0.070650,0.051935,0.082427,0.074487,0.065054,0.000000,0.066421,0.000000,0.000000,0.286692,0.000000,0.076273,1.000000,0.000000,0.323528,0.000000,0.000000,0.000000,0.000000,0.000000,0.000000,0.000000,0.000000,0.000000,0.000000,0.000000,0.000000,0.000000,0.355970,0.000000,0.241708,0.000000,0.000000,0.000000,0.339655,0.320345,0.000000,0.000000,0.000000,0.000000,0.000000,0.000000,0.286169,0.000000,0.000000,0.000000,0.273269,0.000000,0.000000,0.000000,0.000000,0.273269,0.000000,0.339655,0.000000,0.370597,0.272898,0.428926,0.000000,0.000000,0.373401,0.000000,0.000000,0.000000,0.277335,0.221082,0.000000,0.000000,0.000000,0.000000,0.000000,0.278522,0.000000,0.160646,0.148227,0.000000,0.000000,0.000000,0.000000,0.000000,0.000000,0.000000,0.000000,0.000000,0.000000,0.000000,0.000000,0.000000,0.000000,0.000000,0.000000,0.000000,0.000000
0.000000,0.000000,0.071065,0.067678,0.181006,0.000000,0.082409,0.057912,0.089177,0.000000,0.000000,0.584578,0.000000,0.293814,0.386649,0.000000,0.000000,0.078750,0.000000,1.000000,0.199934,0.506951,0.342144,0.452134,0.598184,0.550565,0.291450,0.374545,0.302352,0.000000,0.550565,0.205221,0.000000,0.329221,0.000000,0.338600,0.000000,0.000000,0.000000,0.000000,0.305867,0.280716,0.177988,0.000000,0.000000,0.000000,0.194555,0.183458,0.242189,0.000000,0.183219,0.000000,0.414180,0.240178,0.000000,0.333702,0.000000,0.414180,0.148794,0.305867,0.768295,0.000000,0.000000,0.000000,0.000000,0.000000,0.000000,0.000000,0.000000,0.000000,0.000000,0.000000,0.052438,0.000000,0.000000,0.000000,0.000000,0.000000,0.000000,0.000000,0.000000,0.000000,0.000000,0.000000,0.000000,0.000000,0.000000,0.000000,0.000000,0.000000,0.000000,0.000000,0.000000,0.000000,0.000000,0.000000,0.000000,0.000000,0.000000
0.000000,0.000000,0.166529,0.157116,0.000000,0.000000,0.181266,0.124390,0.217492,0.085702,0.070633,0.324947,0.072466,0.339541,0.091548,0.381151,0.000000,0.190238,0.323528,0.199934,1.000000,0.000000,0.000000,0.253083,0.000000,0.000000,0.335945,0.000000,0.352797,0.000000,0.000000,0.255379,0.000000,0.000000,0.445745,0.000000,0.315053,0.000000,0.000000,0.000000,0.479036,0.471101,0.000000,0.000000,0.000000,0.000000,0.241363,0.238870,0.389740,0.000000,0.000000,0.000000,0.608827,0.000000,0.000000,0.000000,0.000000,0.608827,0.190055,0.479036,0.258043,0.465517,0.355983,0.620483,0.000000,0.000000,0.469364,0.000000,0.000000,0.000000,0.335647,0.260208,0.065948,0.000000,0.000000,0.000000,0.000000,0.406415,0.000000,0.197751,0.184227,0.000000,0.000000,0.000000,0.000000,0.000000,0.000000,0.000000,0.000000,0.000000,0.000000,0.000000,0.000000,0.000000,0.000000,0.000000,0.000000,0.000000,0.000000
0.000000,0.000000,0.000000,0.000000,0.071925,0.000000,0.000000,0.000000,0.000000,0.000000,0.000000,0.315758,0.000000,0.000000,0.291568,0.000000,0.000000,0.000000,0.000000,0.506951,0.000000,1.000000,0.333398,0.000000,0.352071,0.330642,0.000000,0.241179,0.000000,0.000000,0.330642,0.000000,0.000000,0.291483,0.000000,0.131182,0.000000,0.000000,0.000000,0.000000,0.117350,0.111827,0.078824,0.000000,0.000000,0.000000,0.000000,0.000000,0.098476,0.000000,0.075141,0.000000,0.093161,0.093756,0.000000,0.128297,0.000000,0.093161,0.000000,0.117350,0.116443,0.000000,0.000000,0.000000,0.000000,0.000000,0.000000,0.000000,0.000000,0.000000,0.000000,0.000000,0.000000,0.000000,0.000000,0.000000,0.000000,0.000000,0.000000,0.000000,0.000000,0.000000,0.000000,0.000000,0.000000,0.000000,0.000000,0.000000,0.000000,0.000000,0.000000,0.000000,0.000000,0.000000,0.000000,0.000000,0.000000,0.000000,0.000000
0.000000,0.000000,0.000000,0.000000,0.100449,0.000000,0.000000,0.000000,0.000000,0.000000,0.000000,0.471867,0.000000,0.000000,0.407661,0.000000,0.000000,0.000000,0.000000,0.342144,0.000000,0.333398,1.000000,0.000000,0.508126,0.498557,0.000000,0.360596,0.000000,0.000000,0.498557,0.000000,0.000000,0.409268,0.000000,0.175452,0.000000,0.000000,0.000000,0.000000,0.171065,0.170331,0.107029,0.000000,0.000000,0.000000,0.000000,0.000000,0.144269,0.000000,0.108478,0.000000,0.136512,0.132806,0.000000,0.170564,0.000000,0.136512,0.000000,0.171065,0.161452,0.000000,0.000000,0.000000,0.000000,0.000000,0.000000,0.000000,0.000000,0.000000,0.000000,0.000000,0.000000,0.000000,0.000000,0.000000,0.000000,0.000000,0.000000,0.000000,0.000000,0.000000,0.000000,0.000000,0.000000,0.000000,0.000000,0.000000,0.000000,0.000000,0.000000,0.000000,0.000000,0.000000,0.000000,0.000000,0.000000,0.000000,0.000000
0.000000,0.000000,0.097605,0.093285,0.000000,0.099581,0.104526,0.075113,0.126100,0.000000,0.000000,0.336527,0.000000,0.340220,0.092450,0.000000,0.279438,0.104238,0.000000,0.452134,0.253083,0.000000,0.000000,1.000000,0.000000,0.000000,0.337137,0.000000,0.351497,0.000000,0.000000,0.262289,0.136697,0.000000,0.000000,0.000000,0.072235,0.000000,0.137019,0.139615,0.000000,0.000000,0.000000,0.000000,0.000000,0.000000,0.369313,0.242594,0.000000,0.000000,0.000000,0.000000,0.243149,0.000000,0.000000,0.000000,0.000000,0.243149,0.193863,0.000000,0.579545,0.000000,0.000000,0.000000,0.000000,0.000000,0.000000,0.000000,0.000000,0.000000,0.000000,0.000000,0.066978,0.000000,0.000000,0.000000,0.000000,0.000000,0.000000,0.000000,0.000000,0.000000,0.000000,0.000000,0.000000,0.000000,0.000000,0.000000,0.000000,0.000000,0.000000,0.000000,0.000000,0.000000,0.000000,0.000000,0.000000,0.000000,0.000000
0.000000,0.000000,0.000000,0.000000,0.268931,0.000000,0.000000,0.000000,0.000000,0.000000,0.000000,0.582678,0.000000,0.000000,0.475792,0.000000,0.000000,0.000000,0.000000,0.598184,0.000000,0.352071,0.508126,0.000000,1.000000,1.000000,0.000000,0.638407,0.000000,0.000000,1.000000,0.000000,0.000000,0.496449,0.000000,0.510641,0.000000,0.000000,0.000000,0.000000,0.529661,0.547257,0.268323,0.000000,0.000000,0.000000,0.000000,0.000000,0.420215,0.000000,0.293870,0.000000,0.402075,0.381233,0.000000,0.495422,0.000000,0.402075,0.000000,0.529661,0.486620,0.000000,0.000000,0.000000,0.000000,0.000000,0.000000,0.000000,0.000000,0.000000,0.000000,0.000000,0.000000,0.000000,0.000000,0.000000,0.000000,0.000000,0.000000,0.000000,0.000000,0.000000,0.000000,0.000000,0.000000,0.000000,0.000000,0.000000,0.000000,0.000000,0.000000,0.000000,0.000000,0.000000,0.000000,0.000000,0.000000,0.000000,0.000000
0.000000,0.000000,0.000000,0.000000,0.238696,0.000000,0.000000,0.000000,0.000000,0.000000,0.000000,0.574155,0.000000,0.000000,0.464922,0.000000,0.000000,0.000000,0.000000,0.550565,0.000000,0.330642,0.498557,0.000000,1.000000,1.000000,0.000000,0.578347,0.000000,0.000000,1.000000,0.000000,0.000000,0.497736,0.000000,0.501071,0.000000,0.000000,0.000000,0.000000,0.517804,0.539953,0.241900,0.000000,0.000000,0.000000,0.000000,0.000000,0.386497,0.000000,0.255775,0.000000,0.369683,0.353749,0.000000,0.485853,0.000000,0.369683,0.000000,0.517804,0.475751,0.000000,0.000000,0.000000,0.000000,0.000000,0.000000,0.000000,0.000000,0.000000,0.000000,0.000000,0.000000,0.000000,0.000000,0.000000,0.000000,0.000000,0.000000,0.000000,0.000000,0.000000,0.000000,0.000000,0.000000,0.000000,0.000000,0.000000,0.000000,0.000000,0.000000,0.000000,0.000000,0.000000,0.000000,0.000000,0.000000,0.000000,0.000000
0.000000,0.000000,0.134363,0.127846,0.000000,0.000000,0.135052,0.104516,0.170547,0.000000,0.000000,0.418804,0.000000,0.397498,0.121434,0.000000,0.000000,0.141365,0.000000,0.291450,0.335945,0.000000,0.000000,0.337137,0.000000,0.000000,1.000000,0.000000,0.415767,0.000000,0.000000,0.340949,0.000000,0.000000,0.000000,0.000000,0.000000,0.000000,0.000000,0.000000,0.000000,0.000000,0.000000,0.000000,0.000000,0.000000,0.325808,0.339540,0.000000,0.000000,0.000000,0.000000,0.328414,0.000000,0.000000,0.000000,0.000000,0.328414,0.279337,0.000000,0.347446,0.000000,0.000000,0.000000,0.000000,0.000000,0.000000,0.000000,0.000000,0.000000,0.000000,0.000000,0.095418,0.000000,0.000000,0.000000,0.000000,0.000000,0.000000,0.000000,0.000000,0.000000,0.000000,0.000000,0.000000,0.000000,0.000000,0.000000,0.000000,0.000000,0.000000,0.000000,0.000000,0.000000,0.000000,0.000000,0.000000,0.000000,0.000000
0.000000,0.000000,0.000000,0.000000,0.173037,0.000000,0.000000,0.000000,0.000000,0.000000,0.000000,0.342999,0.000000,0.000000,0.324583,0.000000,0.000000,0.000000,0.000000,0.374545,0.000000,0.241179,0.360596,0.000000,0.638407,0.578347,0.000000,1.000000,0.000000,0.000000,0.578347,0.000000,0.000000,0.344422,0.000000,0.357521,0.000000,0.000000,0.000000,0.000000,0.315732,0.276843,0.656695,0.000000,0.000000,0.000000,0.000000,0.000000,0.236637,0.000000,0.171397,0.000000,0.227332,0.238159,0.000000,0.351347,0.000000,0.227332,0.000000,0.315732,0.326592,0.000000,0.000000,0.000000,0.000000,0.000000,0.000000,0.000000,0.000000,0.000000,0.000000,0.000000,0.000000,0.000000,0.000000,0.000000,0.000000,0.000000,0.000000,0.000000,0.000000,0.000000,0.000000,0.000000,0.000000,0.000000,0.000000,0.000000,0.000000,0.000000,0.000000,0.000000,0.000000,0.000000,0.000000,0.000000,0.000000,0.000000,0.000000
0.000000,0.000000,0.142722,0.134611,0.000000,0.000000,0.143617,0.108280,0.188580,0.000000,0.000000,0.447803,0.000000,0.422002,0.127860,0.000000,0.000000,0.151846,0.000000,0.302352,0.352797,0.000000,0.000000,0.351497,0.000000,0.000000,0.415767,0.000000,1.000000,0.000000,0.000000,0.356681,0.000000,0.000000,0.000000,0.000000,0.000000,0.000000,0.000000,0.000000,0.000000,0.000000,0.000000,0.000000,0.000000,0.000000,0.340285,0.804001,0.000000,0.000000,0.000000,0.000000,0.341101,0.000000,0.000000,0.000000,0.000000,0.341101,0.288816,0.000000,0.366939,0.000000,0.000000,0.000000,0.000000,0.000000,0.000000,0.000000,0.000000,0.000000,0.000000,0.000000,0.098492,0.000000,0.000000,0.000000,0.000000,0.000000,0.000000,0.000000,0.000000,0.000000,0.000000,0.000000,0.000000,0.000000,0.000000,0.000000,0.000000,0.000000,0.000000,0.000000,0.000000,0.000000,0.000000,0.000000,0.000000,0.000000,0.000000
0.107106,0.000000,0.000000,0.000000,0.073244,0.000000,0.000000,0.000000,0.000000,0.000000,0.000000,0.000000,0.000000,0.000000,0.000000,0.000000,0.000000,0.000000,0.000000,0.000000,0.000000,0.000000,0.000000,0.000000,0.000000,0.000000,0.000000,0.000000,0.000000,1.000000,0.000000,0.000000,0.000000,0.000000,0.000000,0.000000,0.000000,0.000000,0.000000,0.000000,0.000000,0.000000,0.000000,0.000000,0.000000,0.232925,0.000000,0.000000,0.000000,0.000000,0.000000,0.000000,0.000000,0.102228,0.000000,0.000000,0.000000,0.000000,0.000000,0.000000,0.000000,0.000000,0.000000,0.000000,0.000000,0.099617,0.000000,0.000000,0.000000,0.000000,0.000000,0.000000,0.000000,0.000000,0.000000,0.154281,0.000000,0.000000,0.152507,0.000000,0.000000,0.267688,0.000000,0.115091,0.142104,0.267688,0.267688,0.119041,0.148719,0.000000,0.000000,0.000000,0.000000,0.000000,0.000000,0.000000,0.441120,0.000000,0.074679
0.000000,0.000000,0.000000,0.000000,0.238696,0.000000,0.000000,0.000000,0.000000,0.000000,0.000000,0.574155,0.000000,0.000000,0.464922,0.000000,0.000000,0.000000,0.000000,0.550565,0.000000,0.330642,0.498557,0.000000,1.000000,1.000000,0.000000,0.578347,0.000000,0.000000,1.000000,0.000000,0.000000,0.497736,0.000000,0.501071,0.000000,0.000000,0.000000,0.000000,0.517804,0.539953,0.241900,0.000000,0.000000,0.000000,0.000000,0.000000,0.386497,0.000000,0.255775,0.000000,0.369683,0.353749,0.000000,0.485853,0.000000,0.369683,0.000000,0.517804,0.475751,0.000000,0.000000,0.000000,0.000000,0.000000,0.000000,0.000000,0.000000,0.000000,0.000000,0.000000,0.000000,0.000000,0.000000,0.000000,0.000000,0.000000,0.000000,0.000000,0.000000,0.000000,0.000000,0.000000,0.000000,0.000000,0.000000,0.000000,0.000000,0.000000,0.000000,0.000000,0.000000,0.000000,0.000000,0.000000,0.000000,0.000000,0.000000
0.000000,0.000000,0.098556,0.093877,0.000000,0.000000,0.105749,0.075548,0.128063,0.000000,0.000000,0.338663,0.000000,0.344315,0.093466,0.000000,0.000000,0.105761,0.000000,0.205221,0.255379,0.000000,0.000000,0.262289,0.000000,0.000000,0.340949,0.000000,0.356681,0.000000,0.000000,1.000000,0.000000,0.000000,0.000000,0.000000,0.000000,0.000000,0.000000,0.000000,0.000000,0.000000,0.000000,0.000000,0.000000,0.000000,0.248163,0.245101,0.000000,0.000000,0.000000,0.000000,0.243396,0.000000,0.000000,0.000000,0.000000,0.243396,0.195031,0.000000,0.263912,0.000000,0.000000,0.000000,0.000000,0.000000,0.000000,0.000000,0.000000,0.000000,0.000000,0.000000,0.067424,0.000000,0.000000,0.000000,0.000000,0.000000,0.000000,0.000000,0.000000,0.000000,0.000000,0.000000,0.000000,0.000000,0.000000,0.000000,0.000000,0.000000,0.000000,0.000000,0.000000,0.000000,0.000000,0.000000,0.000000,0.000000,0.000000
0.000000,0.161004,0.000000,0.000000,0.000000,0.127775,0.000000,0.000000,0.000000,0.000000,0.000000,0.000000,0.000000,0.000000,0.000000,0.000000,0.090172,0.000000,0.000000,0.000000,0.000000,0.000000,0.000000,0.136697,0.000000,0.000000,0.000000,0.000000,0.000000,0.000000,0.000000,0.000000,1.000000,0.000000,0.000000,0.000000,0.292407,0.000000,0.500161,0.474090,0.000000,0.000000,0.000000,0.000000,0.000000,0.000000,0.161446,0.000000,0.000000,0.000000,0.000000,0.000000,0.000000,0.000000,0.000000,0.000000,0.000000,0.000000,0.000000,0.000000,0.000000,0.000000,0.000000,0.000000,0.000000,0.000000,0.000000,0.000000,0.000000,0.000000,0.000000,0.000000,0.000000,0.000000,0.000000,0.000000,0.000000,0.000000,0.000000,0.000000,0.000000,0.000000,0.000000,0.000000,0.000000,0.000000,0.000000,0.000000,0.000000,0.000000,0.000000,0.160319,0.140660,0.000000,0.000000,0.000000,0.000000,0.000000,0.000000
0.000000,0.000000,0.000000,0.000000,0.093159,0.000000,0.000000,0.000000,0.000000,0.000000,0.000000,0.468056,0.000000,0.000000,0.410374,0.000000,0.000000,0.000000,0.000000,0.329221,0.000000,0.291483,0.409268,0.000000,0.496449,0.497736,0.000000,0.344422,0.000000,0.000000,0.497736,0.000000,0.000000,1.000000,0.000000,0.155487,0.000000,0.000000,0.000000,0.000000,0.165388,0.171981,0.089418,0.000000,0.000000,0.000000,0.000000,0.127811,0.136133,0.000000,0.100748,0.000000,0.132978,0.126369,0.000000,0.152843,0.000000,0.132978,0.000000,0.165388,0.155165,0.000000,0.000000,0.000000,0.000000,0.000000,0.000000,0.000000,0.000000,0.000000,0.000000,0.000000,0.000000,0.000000,0.000000,0.000000,0.000000,0.000000,0.000000,0.000000,0.000000,0.000000,0.000000,0.000000,0.000000,0.000000,0.000000,0.000000,0.000000,0.000000,0.000000,0.000000,0.000000,0.000000,0.000000,0.000000,0.000000,0.000000,0.000000
0.000000,0.000000,0.093143,0.088125,0.000000,0.000000,0.094751,0.070178,0.118430,0.100818,0.086418,0.000000,0.083951,0.000000,0.000000,0.403502,0.000000,0.103561,0.355970,0.000000,0.445745,0.000000,0.000000,0.000000,0.000000,0.000000,0.000000,0.000000,0.000000,0.000000,0.000000,0.000000,0.000000,0.000000,1.000000,0.000000,0.342038,0.000000,0.000000,0.000000,0.489991,0.485443,0.000000,0.000000,0.000000,0.000000,0.000000,0.000000,0.419388,0.000000,0.000000,0.000000,0.401503,0.000000,0.000000,0.000000,0.000000,0.401503,0.000000,0.489991,0.000000,0.481733,0.382359,0.600677,0.000000,0.000000,0.486142,0.000000,0.000000,0.000000,0.369422,0.301461,0.000000,0.000000,0.000000,0.000000,0.000000,0.380048,0.000000,0.213543,0.196683,0.000000,0.000000,0.000000,0.000000,0.000000,0.000000,0.000000,0.000000,0.000000,0.000000,0.000000,0.000000,0.000000,0.000000,0.000000,0.000000,0.000000,0.000000
0.000000,0.000000,0.000000,0.000000,0.267330,0.000000,0.000000,0.000000,0.000000,0.000000,0.000000,0.187875,0.000000,0.000000,0.157284,0.000000,0.000000,0.000000,0.000000,0.338600,0.000000,0.131182,0.175452,0.000000,0.510641,0.501071,0.000000,0.357521,0.000000,0.000000,0.501071,0.000000,0.000000,0.155487,0.000000,1.000000,0.000000,0.000000,0.000000,0.000000,0.449065,0.446863,0.275688,0.000000,0.000000,0.000000,0.000000,0.000000,0.855837,0.000000,0.287355,0.000000,0.359911,0.350113,0.000000,0.447296,0.000000,0.359911,0.000000,0.449065,0.425526,0.000000,0.000000,0.000000,0.000000,0.000000,0.000000,0.000000,0.000000,0.000000,0.000000,0.000000,0.000000,0.000000,0.000000,0.000000,0.000000,0.000000,0.000000,0.000000,0.000000,0.000000,0.000000,0.000000,0.000000,0.000000,0.000000,0.000000,0.000000,0.000000,0.000000,0.000000,0.000000,0.000000,0.000000,0.000000,0.000000,0.000000,0.000000
0.000000,0.000000,0.062943,0.060900,0.000000,0.079832,0.067033,0.048031,0.075835,0.076358,0.063590,0.000000,0.061483,0.000000,0.000000,0.271737,0.054004,0.074338,0.241708,0.000000,0.315053,0.000000,0.000000,0.072235,0.000000,0.000000,0.000000,0.000000,0.000000,0.000000,0.000000,0.000000,0.292407,0.000000,0.342038,0.000000,1.000000,0.000000,0.292826,0.308931,0.323320,0.292589,0.000000,0.000000,0.000000,0.233386,0.098247,0.000000,0.259288,0.206086,0.000000,0.000000,0.253101,0.000000,0.000000,0.000000,0.134568,0.253101,0.000000,0.323320,0.000000,0.350757,0.256153,0.434639,0.117423,0.000000,0.352394,0.000000,0.000000,0.000000,0.247789,0.190048,0.075470,0.000000,0.000000,0.000000,0.000000,0.299274,0.000000,0.152508,0.313037,0.000000,0.000000,0.000000,0.000000,0.000000,0.000000,0.000000,0.000000,0.000000,0.000000,0.000000,0.000000,0.000000,0.000000,0.000000,0.000000,0.000000,0.000000
0.000000,0.000000,0.000000,0.000000,0.000000,0.000000,0.000000,0.000000,0.000000,0.000000,0.000000,0.000000,0.000000,0.000000,0.000000,0.000000,0.000000,0.000000,0.000000,0.000000,0.000000,0.000000,0.000000,0.000000,0.000000,0.000000,0.000000,0.000000,0.000000,0.000000,0.000000,0.000000,0.000000,0.000000,0.000000,0.000000,0.000000,1.000000,0.000000,0.000000,0.000000,0.000000,0.000000,0.000000,0.000000,0.000000,0.000000,0.000000,0.000000,0.000000,0.000000,0.000000,0.000000,0.000000,0.000000,0.000000,0.000000,0.000000,0.000000,0.000000,0.000000,0.000000,0.000000,0.000000,0.000000,0.000000,0.000000,0.000000,0.000000,0.000000,0.000000,0.000000,0.000000,0.000000,0.000000,0.000000,0.000000,0.000000,0.000000,0.000000,0.000000,0.000000,0.000000,0.000000,0.000000,0.000000,0.000000,0.000000,0.000000,0.000000,0.000000,0.000000,0.000000,0.000000,0.000000,0.000000,0.000000,0.000000,0.000000
0.000000,0.000000,0.000000,0.000000,0.000000,0.128089,0.000000,0.000000,0.000000,0.000000,0.000000,0.000000,0.000000,0.000000,0.000000,0.000000,0.090356,0.000000,0.000000,0.000000,0.000000,0.000000,0.000000,0.137019,0.000000,0.000000,0.000000,0.000000,0.000000,0.000000,0.000000,0.000000,0.500161,0.000000,0.000000,0.000000,0.292826,0.000000,1.000000,0.475277,0.000000,0.000000,0.000000,0.000000,0.000000,0.000000,0.161770,0.000000,0.000000,0.000000,0.000000,0.000000,0.000000,0.000000,0.000000,0.000000,0.000000,0.000000,0.000000,0.000000,0.000000,0.000000,0.000000,0.000000,0.000000,0.000000,0.000000,0.000000,0.000000,0.000000,0.000000,0.000000,0.000000,0.000000,0.000000,0.000000,0.000000,0.000000,0.000000,0.000000,0.000000,0.000000,0.334837,0.000000,0.000000,0.000000,0.000000,0.000000,0.000000,0.348201,0.000000,0.405241,0.446188,0.412898,0.320933,0.000000,0.000000,0.467191,0.000000
0.000000,0.000000,0.000000,0.000000,0.000000,0.131911,0.000000,0.000000,0.000000,0.000000,0.000000,0.000000,0.000000,0.000000,0.000000,0.000000,0.099270,0.000000,0.000000,0.000000,0.000000,0.000000,0.000000,0.139615,0.000000,0.000000,0.000000,0.000000,0.000000,0.000000,0.000000,0.000000,0.474090,0.000000,0.000000,0.000000,0.308931,0.000000,0.475277,1.000000,0.000000,0.000000,0.000000,0.000000,0.000000,0.000000,0.154649,0.000000,0.000000,0.000000,0.000000,0.000000,0.000000,0.000000,0.000000,0.000000,0.000000,0.000000,0.000000,0.000000,0.000000,0.000000,0.000000,0.000000,0.000000,0.000000,0.000000,0.000000,0.000000,0.000000,0.000000,0.000000,0.000000,0.000000,0.000000,0.000000,0.000000,0.000000,0.000000,0.000000,0.000000,0.000000,0.000000,0.000000,0.000000,0.000000,0.000000,0.000000,0.000000,0.000000,0.000000,0.000000,0.000000,0.000000,0.000000,0.000000,0.000000,0.000000,0.000000
0.000000,0.000000,0.109453,0.103318,0.223411,0.000000,0.109143,0.071253,0.155552,0.131980,0.098997,0.187827,0.089831,0.000000,0.157455,0.408716,0.000000,0.127900,0.339655,0.305867,0.479036,0.117350,0.171065,0.000000,0.529661,0.517804,0.000000,0.315732,0.000000,0.000000,0.517804,0.000000,0.000000,0.165388,0.489991,0.449065,0.323320,0.000000,0.000000,0.000000,1.000000,1.000000,0.223460,0.000000,0.000000,0.000000,0.000000,0.000000,0.761745,0.000000,0.235716,0.000000,0.730909,0.320978,0.000000,0.438075,0.000000,0.730909,0.000000,1.000000,0.427088,0.517901,0.375495,0.755950,0.000000,0.000000,0.523442,0.000000,0.000000,0.000000,0.355621,0.263013,0.000000,0.000000,0.000000,0.000000,0.000000,0.551970,0.000000,0.226198,0.209739,0.000000,0.000000,0.000000,0.000000,0.000000,0.000000,0.000000,0.000000,0.000000,0.000000,0.000000,0.000000,0.000000,0.000000,0.000000,0.000000,0.000000,0.000000
0.000000,0.000000,0.116133,0.109998,0.196579,0.000000,0.112075,0.067434,0.199731,0.155635,0.101930,0.189794,0.089181,0.000000,0.157455,0.384913,0.000000,0.139438,0.320345,0.280716,0.471101,0.111827,0.170331,0.000000,0.547257,0.539953,0.000000,0.276843,0.000000,0.000000,0.539953,0.000000,0.000000,0.171981,0.485443,0.446863,0.292589,0.000000,0.000000,0.000000,1.000000,1.000000,0.200931,0.000000,0.000000,0.000000,0.000000,0.000000,0.681847,0.000000,0.196941,0.000000,0.654029,0.297169,0.000000,0.435873,0.000000,0.654029,0.000000,1.000000,0.427088,0.513353,0.348568,0.820438,0.000000,0.000000,0.518894,0.000000,0.000000,0.000000,0.336311,0.236946,0.000000,0.000000,0.000000,0.000000,0.000000,0.670002,0.000000,0.221942,0.207247,0.000000,0.000000,0.000000,0.000000,0.000000,0.000000,0.000000,0.000000,0.000000,0.000000,0.000000,0.000000,0.000000,0.000000,0.000000,0.000000,0.000000,0.000000
0.000000,0.000000,0.000000,0.000000,0.143356,0.000000,0.000000,0.000000,0.000000,0.000000,0.000000,0.095526,0.000000,0.000000,0.090454,0.000000,0.000000,0.000000,0.000000,0.177988,0.000000,0.078824,0.107029,0.000000,0.268323,0.241900,0.000000,0.656695,0.000000,0.000000,0.241900,0.000000,0.000000,0.089418,0.000000,0.275688,0.000000,0.000000,0.000000,0.000000,0.223460,0.200931,1.000000,0.000000,0.000000,0.000000,0.000000,0.000000,0.183684,0.000000,0.143132,0.000000,0.174672,0.183013,0.000000,0.271090,0.000000,0.174672,0.000000,0.223460,0.235460,0.000000,0.000000,0.000000,0.000000,0.000000,0.000000,0.000000,0.000000,0.000000,0.000000,0.000000,0.000000,0.000000,0.000000,0.000000,0.000000,0.000000,0.000000,0.000000,0.000000,0.000000,0.000000,0.000000,0.000000,0.000000,0.000000,0.000000,0.000000,0.000000,0.000000,0.000000,0.000000,0.000000,0.000000,0.000000,0.000000,0.000000,0.000000
0.000000,0.000000,0.000000,0.000000,0.000000,0.000000,0.000000,0.000000,0.000000,0.000000,0.000000,0.000000,0.000000,0.000000,0.000000,0.000000,0.000000,0.000000,0.000000,0.000000,0.000000,0.000000,0.000000,0.000000,0.000000,0.000000,0.000000,0.000000,0.000000,0.000000,0.000000,0.000000,0.000000,0.000000,0.000000,0.000000,0.000000,0.000000,0.000000,0.000000,0.000000,0.000000,0.000000,1.000000,0.158325,0.000000,0.000000,0.000000,0.000000,0.000000,0.000000,0.157051,0.000000,0.149242,0.164848,0.000000,0.000000,0.000000,0.138892,0.000000,0.000000,0.000000,0.000000,0.000000,0.000000,0.000000,0.000000,0.165957,0.000000,0.000000,0.000000,0.000000,0.000000,0.000000,0.000000,0.000000,0.000000,0.000000,0.000000,0.000000,0.000000,0.000000,0.000000,0.000000,0.000000,0.000000,0.000000,0.000000,0.000000,0.000000,0.000000,0.000000,0.000000,0.000000,0.000000,0.000000,0.000000,0.000000,0.000000
0.000000,0.000000,0.000000,0.000000,0.000000,0.000000,0.000000,0.000000,0.000000,0.000000,0.000000,0.000000,0.000000,0.000000,0.000000,0.000000,0.000000,0.000000,0.000000,0.000000,0.000000,0.000000,0.000000,0.000000,0.000000,0.000000,0.000000,0.000000,0.000000,0.000000,0.000000,0.000000,0.000000,0.000000,0.000000,0.000000,0.000000,0.000000,0.000000,0.000000,0.000000,0.000000,0.000000,0.158325,1.000000,0.000000,0.000000,0.000000,0.000000,0.000000,0.000000,0.161197,0.000000,0.152258,0.169805,0.000000,0.000000,0.000000,0.141373,0.000000,0.000000,0.000000,0.000000,0.000000,0.000000,0.000000,0.000000,0.171036,0.000000,0.000000,0.000000,0.000000,0.000000,0.000000,0.000000,0.000000,0.000000,0.000000,0.000000,0.000000,0.000000,0.000000,0.000000,0.000000,0.000000,0.000000,0.000000,0.000000,0.000000,0.000000,0.000000,0.000000,0.000000,0.000000,0.000000,0.000000,0.000000,0.000000,0.000000
0.000000,0.000000,0.000000,0.000000,0.000000,0.000000,0.000000,0.000000,0.000000,0.000000,0.000000,0.000000,0.000000,0.000000,0.000000,0.000000,0.000000,0.000000,0.000000,0.000000,0.000000,0.000000,0.000000,0.000000,0.000000,0.000000,0.000000,0.000000,0.000000,0.232925,0.000000,0.000000,0.000000,0.000000,0.000000,0.000000,0.233386,0.000000,0.000000,0.000000,0.000000,0.000000,0.000000,0.000000,0.000000,1.000000,0.000000,0.000000,0.000000,0.585536,0.000000,0.000000,0.000000,0.191374,0.000000,0.000000,0.174978,0.000000,0.000000,0.000000,0.000000,0.000000,0.000000,0.000000,0.164346,0.171771,0.000000,0.000000,0.000000,0.000000,0.000000,0.000000,0.096465,0.000000,0.000000,0.218830,0.000000,0.000000,0.215519,0.000000,0.214661,0.000000,0.000000,0.000000,0.000000,0.000000,0.000000,0.000000,0.000000,0.000000,0.000000,0.000000,0.000000,0.000000,0.000000,0.000000,0.000000,0.000000,0.000000
0.000000,0.000000,0.091668,0.087317,0.000000,0.115447,0.099432,0.071587,0.117125,0.000000,0.000000,0.313253,0.000000,0.328915,0.088525,0.000000,0.082712,0.098824,0.000000,0.194555,0.241363,0.000000,0.000000,0.369313,0.000000,0.000000,0.325808,0.000000,0.340285,0.000000,0.000000,0.248163,0.161446,0.000000,0.000000,0.000000,0.098247,0.000000,0.161770,0.154649,0.000000,0.000000,0.000000,0.000000,0.000000,0.000000,1.000000,0.230553,0.000000,0.000000,0.000000,0.000000,0.226983,0.000000,0.000000,0.000000,0.000000,0.226983,0.185290,0.000000,0.249253,0.000000,0.000000,0.000000,0.000000,0.000000,0.000000,0.000000,0.000000,0.000000,0.000000,0.000000,0.064342,0.000000,0.000000,0.000000,0.000000,0.000000,0.000000,0.000000,0.000000,0.000000,0.000000,0.000000,0.000000,0.000000,0.000000,0.000000,0.000000,0.000000,0.000000,0.000000,0.000000,0.000000,0.000000,0.000000,0.000000,0.000000,0.000000
0.000000,0.000000,0.088866,0.083542,0.000000,0.000000,0.100695,0.067892,0.119303,0.000000,0.000000,0.320418,0.000000,0.343424,0.088366,0.000000,0.000000,0.098986,0.000000,0.183458,0.238870,0.000000,0.000000,0.242594,0.000000,0.000000,0.339540,0.000000,0.804001,0.000000,0.000000,0.245101,0.000000,0.127811,0.000000,0.000000,0.000000,0.000000,0.000000,0.000000,0.000000,0.000000,0.000000,0.000000,0.000000,0.000000,0.230553,1.000000,0.000000,0.000000,0.000000,0.000000,0.215549,0.000000,0.000000,0.000000,0.000000,0.215549,0.173549,0.000000,0.248385,0.000000,0.000000,0.000000,0.000000,0.000000,0.000000,0.000000,0.000000,0.000000,0.000000,0.000000,0.060558,0.000000,0.000000,0.000000,0.000000,0.000000,0.000000,0.000000,0.000000,0.000000,0.000000,0.000000,0.000000,0.000000,0.000000,0.000000,0.000000,0.000000,0.000000,0.000000,0.000000,0.000000,0.000000,0.000000,0.000000,0.000000,0.000000
0.000000,0.000000,0.084648,0.080382,0.180763,0.000000,0.088780,0.057920,0.113983,0.105815,0.081675,0.143079,0.077107,0.000000,0.129722,0.325827,0.000000,0.102363,0.286169,0.242189,0.389740,0.098476,0.144269,0.000000,0.420215,0.386497,0.000000,0.236637,0.000000,0.000000,0.386497,0.000000,0.000000,0.136133,0.419388,0.855837,0.259288,0.000000,0.000000,0.000000,0.761745,0.681847,0.183684,0.000000,0.000000,0.000000,0.000000,0.000000,1.000000,0.000000,0.180510,0.000000,0.543598,0.253001,0.000000,0.371031,0.000000,0.543598,0.000000,0.761745,0.348261,0.438307,0.301811,0.597848,0.000000,0.000000,0.441979,0.000000,0.000000,0.000000,0.297859,0.217813,0.000000,0.000000,0.000000,0.000000,0.000000,0.442621,0.000000,0.188436,0.176296,0.000000,0.000000,0.000000,0.000000,0.000000,0.000000,0.000000,0.000000,0.000000,0.000000,0.000000,0.000000,0.000000,0.000000,0.000000,0.000000,0.000000,0.000000
0.000000,0.000000,0.000000,0.000000,0.000000,0.000000,0.000000,0.000000,0.000000,0.000000,0.000000,0.000000,0.000000,0.000000,0.000000,0.000000,0.000000,0.000000,0.000000,0.000000,0.000000,0.000000,0.000000,0.000000,0.000000,0.000000,0.000000,0.000000,0.000000,0.000000,0.000000,0.000000,0.000000,0.000000,0.000000,0.000000,0.206086,0.000000,0.000000,0.000000,0.000000,0.000000,0.000000,0.000000,0.000000,0.585536,0.000000,0.000000,0.000000,1.000000,0.000000,0.000000,0.000000,0.000000,0.000000,0.000000,0.171994,0.000000,0.000000,0.000000,0.000000,0.000000,0.000000,0.000000,0.137597,0.000000,0.000000,0.000000,0.000000,0.000000,0.000000,0.000000,0.085963,0.000000,0.000000,0.000000,0.000000,0.000000,0.000000,0.000000,0.198909,0.000000,0.000000,0.000000,0.000000,0.000000,0.000000,0.000000,0.000000,0.000000,0.000000,0.000000,0.000000,0.000000,0.000000,0.000000,0.000000,0.000000,0.000000
0.000000,0.000000,0.000000,0.000000,0.145897,0.000000,0.000000,0.000000,0.000000,0.000000,0.000000,0.096010,0.000000,0.000000,0.096254,0.000000,0.000000,0.000000,0.000000,0.183219,0.000000,0.075141,0.108478,0.000000,0.293870,0.255775,0.000000,0.171397,0.000000,0.000000,0.255775,0.000000,0.000000,0.100748,0.000000,0.287355,0.000000,0.000000,0.000000,0.000000,0.235716,0.196941,0.143132,0.000000,0.000000,0.000000,0.000000,0.000000,0.180510,0.000000,1.000000,0.000000,0.175528,0.189446,0.000000,0.284303,0.000000,0.175528,0.000000,0.235716,0.257396,0.000000,0.000000,0.000000,0.000000,0.000000,0.000000,0.000000,0.000000,0.000000,0.000000,0.000000,0.000000,0.000000,0.000000,0.000000,0.000000,0.000000,0.000000,0.000000,0.000000,0.000000,0.000000,0.000000,0.000000,0.000000,0.000000,0.000000,0.000000,0.000000,0.000000,0.000000,0.000000,0.000000,0.000000,0.000000,0.000000,0.000000,0.000000
0.000000,0.000000,0.000000,0.000000,0.000000,0.000000,0.000000,0.000000,0.000000,0.000000,0.000000,0.000000,0.000000,0.000000,0.000000,0.000000,0.000000,0.000000,0.000000,0.000000,0.000000,0.000000,0.000000,0.000000,0.000000,0.000000,0.000000,0.000000,0.000000,0.000000,0.000000,0.000000,0.000000,0.000000,0.000000,0.000000,0.000000,0.000000,0.000000,0.000000,0.000000,0.000000,0.000000,0.157051,0.161197,0.000000,0.000000,0.000000,0.000000,0.000000,0.000000,1.000000,0.000000,0.151274,0.168176,0.000000,0.000000,0.000000,0.140566,0.000000,0.000000,0.000000,0.000000,0.000000,0.000000,0.000000,0.000000,0.169366,0.000000,0.000000,0.000000,0.000000,0.000000,0.000000,0.000000,0.000000,0.000000,0.000000,0.000000,0.000000,0.000000,0.000000,0.000000,0.000000,0.000000,0.000000,0.000000,0.000000,0.000000,0.000000,0.000000,0.000000,0.000000,0.000000,0.000000,0.000000,0.000000,0.000000,0.000000
0.000000,0.000000,0.167100,0.159758,0.176906,0.000000,0.181877,0.122439,0.222067,0.102753,0.078653,0.456937,0.073159,0.331151,0.210358,0.314632,0.000000,0.192057,0.273269,0.414180,0.608827,0.093161,0.136512,0.243149,0.402075,0.369683,0.328414,0.227332,0.341101,0.000000,0.369683,0.243396,0.000000,0.132978,0.401503,0.359911,0.253101,0.000000,0.000000,0.000000,0.730909,0.654029,0.174672,0.000000,0.000000,0.000000,0.226983,0.215549,0.543598,0.000000,0.175528,0.000000,1.000000,0.245236,0.000000,0.354214,0.000000,1.000000,0.170079,0.730909,0.576755,0.416695,0.291492,0.572754,0.000000,0.000000,0.419613,0.000000,0.000000,0.000000,0.283024,0.207580,0.059119,0.000000,0.000000,0.000000,0.000000,0.425738,0.000000,0.180791,0.171651,0.000000,0.000000,0.000000,0.000000,0.000000,0.000000,0.000000,0.000000,0.000000,0.000000,0.000000,0.000000,0.000000,0.000000,0.000000,0.000000,0.000000,0.000000
0.000000,0.000000,0.000000,0.000000,0.186249,0.000000,0.000000,0.000000,0.000000,0.000000,0.000000,0.131120,0.000000,0.000000,0.121245,0.000000,0.000000,0.000000,0.000000,0.240178,0.000000,0.093756,0.132806,0.000000,0.381233,0.353749,0.000000,0.238159,0.000000,0.102228,0.353749,0.000000,0.000000,0.126369,0.000000,0.350113,0.000000,0.000000,0.000000,0.000000,0.320978,0.297169,0.183013,0.149242,0.152258,0.191374,0.000000,0.000000,0.253001,0.000000,0.189446,0.151274,0.245236,1.000000,0.442489,0.344777,0.000000,0.245236,0.398948,0.320978,0.326164,0.000000,0.000000,0.000000,0.000000,0.091542,0.000000,0.158082,0.000000,0.000000,0.000000,0.000000,0.000000,0.000000,0.000000,0.146334,0.000000,0.000000,0.144364,0.000000,0.000000,0.000000,0.000000,0.000000,0.000000,0.000000,0.000000,0.000000,0.000000,0.000000,0.000000,0.000000,0.000000,0.000000,0.000000,0.000000,0.000000,0.000000,0.000000
0.000000,0.000000,0.000000,0.000000,0.000000,0.000000,0.000000,0.000000,0.000000,0.000000,0.000000,0.000000,0.000000,0.000000,0.000000,0.000000,0.000000,0.000000,0.000000,0.000000,0.000000,0.000000,0.000000,0.000000,0.000000,0.000000,0.000000,0.000000,0.000000,0.000000,0.000000,0.000000,0.000000,0.000000,0.000000,0.000000,0.000000,0.000000,0.000000,0.000000,0.000000,0.000000,0.000000,0.164848,0.169805,0.000000,0.000000,0.000000,0.000000,0.000000,0.000000,0.168176,0.000000,0.442489,1.000000,0.000000,0.000000,0.000000,0.409991,0.000000,0.000000,0.000000,0.000000,0.000000,0.000000,0.000000,0.000000,0.179702,0.000000,0.000000,0.000000,0.000000,0.000000,0.000000,0.000000,0.000000,0.000000,0.000000,0.000000,0.000000,0.000000,0.000000,0.000000,0.000000,0.000000,0.000000,0.000000,0.000000,0.000000,0.000000,0.000000,0.000000,0.000000,0.000000,0.000000,0.000000,0.000000,0.000000,0.000000
0.000000,0.000000,0.000000,0.000000,0.264967,0.000000,0.000000,0.000000,0.000000,0.000000,0.000000,0.181995,0.000000,0.000000,0.154059,0.000000,0.000000,0.000000,0.000000,0.333702,0.000000,0.128297,0.170564,0.000000,0.495422,0.485853,0.000000,0.351347,0.000000,0.000000,0.485853,0.000000,0.000000,0.152843,0.000000,0.447296,0.000000,0.000000,0.000000,0.000000,0.438075,0.435873,0.271090,0.000000,0.000000,0.000000,0.000000,0.000000,0.371031,0.000000,0.284303,0.000000,0.354214,0.344777,0.000000,1.000000,0.000000,0.354214,0.000000,0.438075,0.416790,0.000000,0.000000,0.000000,0.000000,0.000000,0.000000,0.000000,0.000000,0.000000,0.000000,0.000000,0.000000,0.000000,0.000000,0.000000,0.000000,0.000000,0.000000,0.000000,0.000000,0.000000,0.000000,0.000000,0.000000,0.000000,0.000000,0.000000,0.000000,0.000000,0.000000,0.000000,0.000000,0.000000,0.000000,0.000000,0.000000,0.000000,0.000000
0.000000,0.000000,0.000000,0.000000,0.000000,0.000000,0.000000,0.000000,0.000000,0.000000,0.000000,0.000000,0.000000,0.000000,0.000000,0.000000,0.000000,0.000000,0.000000,0.000000,0.000000,0.000000,0.000000,0.000000,0.000000,0.000000,0.000000,0.000000,0.000000,0.000000,0.000000,0.000000,0.000000,0.000000,0.000000,0.000000,0.134568,0.000000,0.000000,0.000000,0.000000,0.000000,0.000000,0.000000,0.000000,0.174978,0.000000,0.000000,0.000000,0.171994,0.000000,0.000000,0.000000,0.000000,0.000000,0.000000,1.000000,0.000000,0.000000,0.000000,0.000000,0.000000,0.000000,0.000000,0.100361,0.000000,0.000000,0.000000,0.000000,0.000000,0.000000,0.000000,0.058894,0.000000,0.000000,0.000000,0.000000,0.000000,0.000000,0.000000,0.124870,0.000000,0.000000,0.000000,0.000000,0.000000,0.000000,0.000000,0.000000,0.000000,0.000000,0.000000,0.000000,0.000000,0.000000,0.000000,0.000000,0.000000,0.000000
0.000000,0.000000,0.167100,0.159758,0.176906,0.000000,0.181877,0.122439,0.222067,0.102753,0.078653,0.456937,0.073159,0.331151,0.210358,0.314632,0.000000,0.192057,0.273269,0.414180,0.608827,0.093161,0.136512,0.243149,0.402075,0.369683,0.328414,0.227332,0.341101,0.000000,0.369683,0.243396,0.000000,0.132978,0.401503,0.359911,0.253101,0.000000,0.000000,0.000000,0.730909,0.654029,0.174672,0.000000,0.000000,0.000000,0.226983,0.215549,0.543598,0.000000,0.175528,0.000000,1.000000,0.245236,0.000000,0.354214,0.000000,1.000000,0.170079,0.730909,0.576755,0.416695,0.291492,0.572754,0.000000,0.000000,0.419613,0.000000,0.000000,0.000000,0.283024,0.207580,0.059119,0.000000,0.000000,0.000000,0.000000,0.425738,0.000000,0.180791,0.171651,0.000000,0.000000,0.000000,0.000000,0.000000,0.000000,0.000000,0.000000,0.000000,0.000000,0.000000,0.000000,0.000000,0.000000,0.000000,0.000000,0.000000,0.000000
0.000000,0.000000,0.066756,0.063767,0.000000,0.000000,0.077894,0.055290,0.082481,0.000000,0.000000,0.240261,0.000000,0.281401,0.070228,0.000000,0.000000,0.073915,0.000000,0.148794,0.190055,0.000000,0.000000,0.193863,0.000000,0.000000,0.279337,0.000000,0.288816,0.000000,0.000000,0.195031,0.000000,0.000000,0.000000,0.000000,0.000000,0.000000,0.000000,0.000000,0.000000,0.000000,0.000000,0.138892,0.141373,0.000000,0.185290,0.173549,0.000000,0.000000,0.000000,0.140566,0.170079,0.398948,0.409991,0.000000,0.000000,0.170079,1.000000,0.000000,0.195511,0.000000,0.000000,0.000000,0.000000,0.000000,0.000000,0.146112,0.000000,0.000000,0.000000,0.000000,0.050268,0.000000,0.000000,0.000000,0.000000,0.000000,0.000000,0.000000,0.000000,0.000000,0.000000,0.000000,0.000000,0.000000,0.000000,0.000000,0.000000,0.000000,0.000000,0.000000,0.000000,0.000000,0.000000,0.000000,0.000000,0.000000,0.000000
0.000000,0.000000,0.109453,0.103318,0.223411,0.000000,0.109143,0.071253,0.155552,0.131980,0.098997,0.187827,0.089831,0.000000,0.157455,0.408716,0.000000,0.127900,0.339655,0.305867,0.479036,0.117350,0.171065,0.000000,0.529661,0.517804,0.000000,0.315732,0.000000,0.000000,0.517804,0.000000,0.000000,0.165388,0.489991,0.449065,0.323320,0.000000,0.000000,0.000000,1.000000,1.000000,0.223460,0.000000,0.000000,0.000000,0.000000,0.000000,0.761745,0.000000,0.235716,0.000000,0.730909,0.320978,0.000000,0.438075,0.000000,0.730909,0.000000,1.000000,0.427088,0.517901,0.375495,0.755950,0.000000,0.000000,0.523442,0.000000,0.000000,0.000000,0.355621,0.263013,0.000000,0.000000,0.000000,0.000000,0.000000,0.551970,0.000000,0.226198,0.209739,0.000000,0.000000,0.000000,0.000000,0.000000,0.000000,0.000000,0.000000,0.000000,0.000000,0.000000,0.000000,0.000000,0.000000,0.000000,0.000000,0.000000,0.000000
0.000000,0.000000,0.099654,0.094023,0.240822,0.000000,0.107579,0.075656,0.131752,0.000000,0.000000,0.513731,0.000000,0.351580,0.245385,0.000000,0.000000,0.108415,0.000000,0.768295,0.258043,0.116443,0.161452,0.579545,0.486620,0.475751,0.347446,0.326592,0.366939,0.000000,0.475751,0.263912,0.000000,0.155165,0.000000,0.425526,0.000000,0.000000,0.000000,0.000000,0.427088,0.427088,0.235460,0.000000,0.000000,0.000000,0.249253,0.248385,0.348261,0.000000,0.257396,0.000000,0.576755,0.326164,0.000000,0.416790,0.000000,0.576755,0.195511,0.427088,1.000000,0.000000,0.000000,0.000000,0.000000,0.000000,0.000000,0.000000,0.000000,0.000000,0.000000,0.000000,0.067750,0.000000,0.000000,0.000000,0.000000,0.000000,0.000000,0.000000,0.000000,0.000000,0.000000,0.000000,0.000000,0.000000,0.000000,0.000000,0.000000,0.000000,0.000000,0.000000,0.000000,0.000000,0.000000,0.000000,0.000000,0.000000,0.000000
0.000000,0.000000,0.098954,0.092908,0.000000,0.000000,0.100693,0.072946,0.130028,0.106780,0.090692,0.000000,0.088541,0.000000,0.000000,0.419034,0.000000,0.110703,0.370597,0.000000,0.465517,0.000000,0.000000,0.000000,0.000000,0.000000,0.000000,0.000000,0.000000,0.000000,0.000000,0.000000,0.000000,0.000000,0.481733,0.000000,0.350757,0.000000,0.000000,0.000000,0.517901,0.513353,0.000000,0.000000,0.000000,0.000000,0.000000,0.000000,0.438307,0.000000,0.000000,0.000000,0.416695,0.000000,0.000000,0.000000,0.000000,0.416695,0.000000,0.517901,0.000000,1.000000,0.778829,0.645038,0.000000,0.000000,0.514655,0.000000,0.000000,0.000000,0.386367,0.312313,0.000000,0.000000,0.000000,0.000000,0.000000,0.415503,0.000000,0.223233,0.203197,0.000000,0.000000,0.000000,0.000000,0.000000,0.000000,0.000000,0.000000,0.000000,0.000000,0.000000,0.000000,0.000000,0.000000,0.000000,0.000000,0.000000,0.000000
0.000000,0.000000,0.085425,0.082292,0.000000,0.000000,0.086365,0.063223,0.105821,0.098807,0.081119,0.000000,0.074641,0.000000,0.000000,0.513784,0.000000,0.096595,0.272898,0.000000,0.355983,0.000000,0.000000,0.000000,0.000000,0.000000,0.000000,0.000000,0.000000,0.000000,0.000000,0.000000,0.000000,0.000000,0.382359,0.000000,0.256153,0.000000,0.000000,0.000000,0.375495,0.348568,0.000000,0.000000,0.000000,0.000000,0.000000,0.000000,0.301811,0.000000,0.000000,0.000000,0.291492,0.000000,0.000000,0.000000,0.000000,0.291492,0.000000,0.375495,0.000000,0.778829,1.000000,0.499457,0.000000,0.000000,0.398616,0.000000,0.000000,0.000000,0.281817,0.216121,0.000000,0.000000,0.000000,0.000000,0.000000,0.349690,0.000000,0.177355,0.316398,0.000000,0.000000,0.000000,0.000000,0.000000,0.000000,0.000000,0.000000,0.000000,0.000000,0.000000,0.000000,0.000000,0.000000,0.000000,0.000000,0.000000,0.000000
0.000000,0.000000,0.180892,0.171494,0.000000,0.000000,0.163360,0.115236,0.263685,0.200200,0.147970,0.000000,0.120268,0.000000,0.000000,0.545602,0.000000,0.194046,0.428926,0.000000,0.620483,0.000000,0.000000,0.000000,0.000000,0.000000,0.000000,0.000000,0.000000,0.000000,0.000000,0.000000,0.000000,0.000000,0.600677,0.000000,0.434639,0.000000,0.000000,0.000000,0.755950,0.820438,0.000000,0.000000,0.000000,0.000000,0.000000,0.000000,0.597848,0.000000,0.000000,0.000000,0.572754,0.000000,0.000000,0.000000,0.000000,0.572754,0.000000,0.755950,0.000000,0.645038,0.499457,1.000000,0.000000,0.000000,0.654141,0.000000,0.000000,0.000000,0.451689,0.342860,0.000000,0.000000,0.000000,0.000000,0.000000,0.803727,0.000000,0.338537,0.318431,0.000000,0.000000,0.000000,0.000000,0.000000,0.000000,0.000000,0.000000,0.000000,0.000000,0.000000,0.000000,0.000000,0.000000,0.000000,0.000000,0.000000,0.000000
0.000000,0.000000,0.000000,0.000000,0.000000,0.000000,0.000000,0.000000,0.000000,0.000000,0.000000,0.000000,0.000000,0.000000,0.000000,0.000000,0.000000,0.000000,0.000000,0.000000,0.000000,0.000000,0.000000,0.000000,0.000000,0.000000,0.000000,0.000000,0.000000,0.000000,0.000000,0.000000,0.000000,0.000000,0.000000,0.000000,0.117423,0.000000,0.000000,0.000000,0.000000,0.000000,0.000000,0.000000,0.000000,0.164346,0.000000,0.000000,0.000000,0.137597,0.000000,0.000000,0.000000,0.000000,0.000000,0.000000,0.100361,0.000000,0.000000,0.000000,0.000000,0.000000,0.000000,0.000000,1.000000,0.000000,0.000000,0.000000,0.000000,0.000000,0.000000,0.000000,0.340686,0.000000,0.000000,0.000000,0.000000,0.000000,0.000000,0.000000,0.117859,0.000000,0.000000,0.000000,0.000000,0.000000,0.000000,0.000000,0.000000,0.000000,0.000000,0.000000,0.000000,0.000000,0.000000,0.000000,0.000000,0.000000,0.000000
0.000000,0.118969,0.000000,0.000000,0.000000,0.000000,0.000000,0.000000,0.000000,0.000000,0.000000,0.000000,0.000000,0.000000,0.000000,0.000000,0.000000,0.000000,0.000000,0.000000,0.000000,0.000000,0.000000,0.000000,0.000000,0.000000,0.000000,0.000000,0.000000,0.099617,0.000000,0.000000,0.000000,0.000000,0.000000,0.000000,0.000000,0.000000,0.000000,0.000000,0.000000,0.000000,0.000000,0.000000,0.000000,0.171771,0.000000,0.000000,0.000000,0.000000,0.000000,0.000000,0.000000,0.091542,0.000000,0.000000,0.000000,0.000000,0.000000,0.000000,0.000000,0.000000,0.000000,0.000000,0.000000,1.000000,0.000000,0.000000,0.000000,0.000000,0.000000,0.000000,0.000000,0.000000,0.000000,0.360414,0.221986,0.000000,0.747691,0.182057,0.000000,0.000000,0.000000,0.000000,0.000000,0.000000,0.000000,0.000000,0.000000,0.000000,0.120080,0.000000,0.000000,0.000000,0.069936,0.127158,0.000000,0.000000,0.000000
0.000000,0.000000,0.100097,0.093839,0.000000,0.000000,0.101863,0.073471,0.132421,0.107954,0.091519,0.000000,0.089431,0.000000,0.000000,0.422020,0.000000,0.112125,0.373401,0.000000,0.469364,0.000000,0.000000,0.000000,0.000000,0.000000,0.000000,0.000000,0.000000,0.000000,0.000000,0.000000,0.000000,0.000000,0.486142,0.000000,0.352394,0.000000,0.000000,0.000000,0.523442,0.518894,0.000000,0.000000,0.000000,0.000000,0.000000,0.000000,0.441979,0.000000,0.000000,0.000000,0.419613,0.000000,0.000000,0.000000,0.000000,0.419613,0.000000,0.523442,0.000000,0.514655,0.398616,0.654141,0.000000,0.000000,1.000000,0.000000,0.000000,0.000000,0.747798,0.604699,0.000000,0.000000,0.000000,0.000000,0.000000,0.422960,0.000000,0.225099,0.204429,0.000000,0.000000,0.000000,0.000000,0.000000,0.000000,0.000000,0.000000,0.000000,0.000000,0.000000,0.000000,0.000000,0.000000,0.000000,0.000000,0.000000,0.000000
0.000000,0.000000,0.000000,0.000000,0.000000,0.000000,0.000000,0.000000,0.000000,0.000000,0.000000,0.000000,0.000000,0.000000,0.000000,0.000000,0.000000,0.000000,0.000000,0.000000,0.000000,0.000000,0.000000,0.000000,0.000000,0.000000,0.000000,0.000000,0.000000,0.000000,0.000000,0.000000,0.000000,0.000000,0.000000,0.000000,0.000000,0.000000,0.000000,0.000000,0.000000,0.000000,0.000000,0.165957,0.171036,0.000000,0.000000,0.000000,0.000000,0.000000,0.000000,0.169366,0.000000,0.158082,0.179702,0.000000,0.000000,0.000000,0.146112,0.000000,0.000000,0.000000,0.000000,0.000000,0.000000,0.000000,0.000000,1.000000,0.000000,0.000000,0.000000,0.000000,0.000000,0.000000,0.000000,0.000000,0.000000,0.000000,0.000000,0.000000,0.000000,0.000000,0.000000,0.000000,0.000000,0.000000,0.000000,0.000000,0.000000,0.000000,0.000000,0.000000,0.000000,0.000000,0.000000,0.000000,0.000000,0.000000,0.000000
0.000000,0.000000,0.000000,0.000000,0.000000,0.000000,0.000000,0.000000,0.000000,0.000000,0.000000,0.000000,0.000000,0.000000,0.000000,0.000000,0.000000,0.000000,0.000000,0.000000,0.000000,0.000000,0.000000,0.000000,0.000000,0.000000,0.000000,0.000000,0.000000,0.000000,0.000000,0.000000,0.000000,0.000000,0.000000,0.000000,0.000000,0.000000,0.000000,0.000000,0.000000,0.000000,0.000000,0.000000,0.000000,0.000000,0.000000,0.000000,0.000000,0.000000,0.000000,0.000000,0.000000,0.000000,0.000000,0.000000,0.000000,0.000000,0.000000,0.000000,0.000000,0.000000,0.000000,0.000000,0.000000,0.000000,0.000000,0.000000,1.000000,0.000000,0.000000,0.000000,0.000000,0.000000,0.000000,0.000000,0.000000,0.000000,0.000000,0.000000,0.000000,0.000000,0.000000,0.000000,0.000000,0.000000,0.000000,0.000000,0.000000,0.000000,0.000000,0.000000,0.000000,0.000000,0.000000,0.000000,0.000000,0.000000,0.000000
0.000000,0.000000,0.000000,0.000000,0.000000,0.000000,0.000000,0.000000,0.000000,0.000000,0.000000,0.000000,0.000000,0.000000,0.000000,0.000000,0.000000,0.000000,0.000000,0.000000,0.000000,0.000000,0.000000,0.000000,0.000000,0.000000,0.000000,0.000000,0.000000,0.000000,0.000000,0.000000,0.000000,0.000000,0.000000,0.000000,0.000000,0.000000,0.000000,0.000000,0.000000,0.000000,0.000000,0.000000,0.000000,0.000000,0.000000,0.000000,0.000000,0.000000,0.000000,0.000000,0.000000,0.000000,0.000000,0.000000,0.000000,0.000000,0.000000,0.000000,0.000000,0.000000,0.000000,0.000000,0.000000,0.000000,0.000000,0.000000,0.000000,1.000000,0.000000,0.000000,0.000000,0.245259,0.291988,0.000000,0.000000,0.000000,0.000000,0.000000,0.000000,0.126025,0.000000,0.000000,0.000000,0.126025,0.126025,0.000000,0.000000,0.000000,0.000000,0.000000,0.000000,0.000000,0.000000,0.000000,0.000000,0.000000,0.000000
0.000000,0.000000,0.070577,0.066732,0.000000,0.000000,0.074148,0.053796,0.088273,0.077994,0.067732,0.000000,0.069260,0.000000,0.000000,0.296628,0.000000,0.080317,0.277335,0.000000,0.335647,0.000000,0.000000,0.000000,0.000000,0.000000,0.000000,0.000000,0.000000,0.000000,0.000000,0.000000,0.000000,0.000000,0.369422,0.000000,0.247789,0.000000,0.000000,0.000000,0.355621,0.336311,0.000000,0.000000,0.000000,0.000000,0.000000,0.000000,0.297859,0.000000,0.000000,0.000000,0.283024,0.000000,0.000000,0.000000,0.000000,0.283024,0.000000,0.355621,0.000000,0.386367,0.281817,0.451689,0.000000,0.000000,0.747798,0.000000,0.000000,0.000000,1.000000,0.784382,0.000000,0.000000,0.000000,0.000000,0.000000,0.295362,0.000000,0.166805,0.152635,0.000000,0.000000,0.000000,0.000000,0.000000,0.000000,0.000000,0.000000,0.000000,0.000000,0.000000,0.000000,0.000000,0.000000,0.000000,0.000000,0.000000,0.000000
0.000000,0.000000,0.053583,0.051063,0.000000,0.000000,0.057963,0.042256,0.064403,0.060767,0.053731,0.000000,0.056878,0.000000,0.000000,0.226257,0.000000,0.062091,0.221082,0.000000,0.260208,0.000000,0.000000,0.000000,0.000000,0.000000,0.000000,0.000000,0.000000,0.000000,0.000000,0.000000,0.000000,0.000000,0.301461,0.000000,0.190048,0.000000,0.000000,0.000000,0.263013,0.236946,0.000000,0.000000,0.000000,0.000000,0.000000,0.000000,0.217813,0.000000,0.000000,0.000000,0.207580,0.000000,0.000000,0.000000,0.000000,0.207580,0.000000,0.263013,0.000000,0.312313,0.216121,0.342860,0.000000,0.000000,0.604699,0.000000,0.000000,0.000000,0.784382,1.000000,0.000000,0.000000,0.000000,0.000000,0.000000,0.228591,0.000000,0.132606,0.122688,0.000000,0.000000,0.000000,0.000000,0.000000,0.000000,0.000000,0.000000,0.000000,0.000000,0.000000,0.000000,0.000000,0.000000,0.000000,0.000000,0.000000,0.000000
0.000000,0.000000,0.158772,0.152901,0.000000,0.000000,0.191291,0.136126,0.191967,0.000000,0.000000,0.081721,0.000000,0.096092,0.065374,0.000000,0.000000,0.176568,0.000000,0.052438,0.065948,0.000000,0.000000,0.066978,0.000000,0.000000,0.095418,0.000000,0.098492,0.000000,0.000000,0.067424,0.000000,0.000000,0.000000,0.000000,0.075470,0.000000,0.000000,0.000000,0.000000,0.000000,0.000000,0.000000,0.000000,0.096465,0.064342,0.060558,0.000000,0.085963,0.000000,0.000000,0.059119,0.000000,0.000000,0.000000,0.058894,0.059119,0.050268,0.000000,0.067750,0.000000,0.000000,0.000000,0.340686,0.000000,0.000000,0.000000,0.000000,0.000000,0.000000,0.000000,1.000000,0.000000,0.000000,0.000000,0.000000,0.000000,0.000000,0.000000,0.069538,0.000000,0.000000,0.000000,0.000000,0.000000,0.000000,0.000000,0.000000,0.000000,0.000000,0.000000,0.000000,0.000000,0.000000,0.000000,0.000000,0.000000,0.000000
0.000000,0.000000,0.000000,0.000000,0.000000,0.000000,0.000000,0.000000,0.000000,0.000000,0.000000,0.000000,0.000000,0.000000,0.000000,0.000000,0.000000,0.000000,0.000000,0.000000,0.000000,0.000000,0.000000,0.000000,0.000000,0.000000,0.000000,0.000000,0.000000,0.000000,0.000000,0.000000,0.000000,0.000000,0.000000,0.000000,0.000000,0.000000,0.000000,0.000000,0.000000,0.000000,0.000000,0.000000,0.000000,0.000000,0.000000,0.000000,0.000000,0.000000,0.000000,0.000000,0.000000,0.000000,0.000000,0.000000,0.000000,0.000000,0.000000,0.000000,0.000000,0.000000,0.000000,0.000000,0.000000,0.000000,0.000000,0.000000,0.000000,0.245259,0.000000,0.000000,0.000000,1.000000,0.313414,0.000000,0.000000,0.000000,0.000000,0.000000,0.000000,0.138204,0.000000,0.000000,0.000000,0.138204,0.138204,0.000000,0.000000,0.000000,0.000000,0.000000,0.000000,0.000000,0.000000,0.000000,0.000000,0.000000,0.000000
0.000000,0.000000,0.000000,0.000000,0.000000,0.000000,0.000000,0.000000,0.000000,0.000000,0.000000,0.000000,0.000000,0.000000,0.000000,0.000000,0.000000,0.000000,0.000000,0.000000,0.000000,0.000000,0.000000,0.000000,0.000000,0.000000,0.000000,0.000000,0.000000,0.000000,0.000000,0.000000,0.000000,0.000000,0.000000,0.000000,0.000000,0.000000,0.000000,0.000000,0.000000,0.000000,0.000000,0.000000,0.000000,0.000000,0.000000,0.000000,0.000000,0.000000,0.000000,0.000000,0.000000,0.000000,0.000000,0.000000,0.000000,0.000000,0.000000,0.000000,0.000000,0.000000,0.000000,0.000000,0.000000,0.000000,0.000000,0.000000,0.000000,0.291988,0.000000,0.000000,0.000000,0.313414,1.000000,0.000000,0.000000,0.000000,0.000000,0.000000,0.000000,0.183463,0.000000,0.000000,0.000000,0.183463,0.183463,0.000000,0.000000,0.000000,0.000000,0.000000,0.000000,0.000000,0.000000,0.000000,0.000000,0.000000,0.000000
0.000000,0.000000,0.000000,0.000000,0.000000,0.000000,0.000000,0.000000,0.000000,0.000000,0.000000,0.000000,0.000000,0.000000,0.000000,0.000000,0.000000,0.000000,0.000000,0.000000,0.000000,0.000000,0.000000,0.000000,0.000000,0.000000,0.000000,0.000000,0.000000,0.154281,0.000000,0.000000,0.000000,0.000000,0.000000,0.000000,0.000000,0.000000,0.000000,0.000000,0.000000,0.000000,0.000000,0.000000,0.000000,0.218830,0.000000,0.000000,0.000000,0.000000,0.000000,0.000000,0.000000,0.146334,0.000000,0.000000,0.000000,0.000000,0.000000,0.000000,0.000000,0.000000,0.000000,0.000000,0.000000,0.360414,0.000000,0.000000,0.000000,0.000000,0.000000,0.000000,0.000000,0.000000,0.000000,1.000000,0.000000,0.000000,0.489644,0.000000,0.000000,0.000000,0.000000,0.000000,0.000000,0.000000,0.000000,0.000000,0.000000,0.000000,0.000000,0.000000,0.000000,0.000000,0.000000,0.000000,0.000000,0.000000,0.000000
0.000000,0.125690,0.000000,0.000000,0.000000,0.000000,0.000000,0.000000,0.000000,0.000000,0.000000,0.000000,0.000000,0.000000,0.000000,0.000000,0.000000,0.000000,0.000000,0.000000,0.000000,0.000000,0.000000,0.000000,0.000000,0.000000,0.000000,0.000000,0.000000,0.000000,0.000000,0.000000,0.000000,0.000000,0.000000,0.000000,0.000000,0.000000,0.000000,0.000000,0.000000,0.000000,0.000000,0.000000,0.000000,0.000000,0.000000,0.000000,0.000000,0.000000,0.000000,0.000000,0.000000,0.000000,0.000000,0.000000,0.000000,0.000000,0.000000,0.000000,0.000000,0.000000,0.000000,0.000000,0.000000,0.221986,0.000000,0.000000,0.000000,0.000000,0.000000,0.000000,0.000000,0.000000,0.000000,0.000000,1.000000,0.000000,0.000000,0.000000,0.000000,0.000000,0.000000,0.000000,0.000000,0.000000,0.000000,0.000000,0.000000,0.000000,0.135933,0.000000,0.000000,0.000000,0.000000,0.136840,0.000000,0.000000,0.000000
0.000000,0.000000,0.212490,0.200315,0.000000,0.000000,0.185842,0.127331,0.335231,0.235180,0.166036,0.000000,0.131614,0.000000,0.000000,0.413506,0.000000,0.226375,0.278522,0.000000,0.406415,0.000000,0.000000,0.000000,0.000000,0.000000,0.000000,0.000000,0.000000,0.000000,0.000000,0.000000,0.000000,0.000000,0.380048,0.000000,0.299274,0.000000,0.000000,0.000000,0.551970,0.670002,0.000000,0.000000,0.000000,0.000000,0.000000,0.000000,0.442621,0.000000,0.000000,0.000000,0.425738,0.000000,0.000000,0.000000,0.000000,0.425738,0.000000,0.551970,0.000000,0.415503,0.349690,0.803727,0.000000,0.000000,0.422960,0.000000,0.000000,0.000000,0.295362,0.228591,0.000000,0.000000,0.000000,0.000000,0.000000,1.000000,0.000000,0.372462,0.348076,0.000000,0.000000,0.000000,0.000000,0.000000,0.000000,0.000000,0.000000,0.000000,0.000000,0.000000,0.000000,0.000000,0.000000,0.000000,0.000000,0.000000,0.000000
0.000000,0.000000,0.000000,0.000000,0.000000,0.000000,0.000000,0.000000,0.000000,0.000000,0.000000,0.000000,0.000000,0.000000,0.000000,0.000000,0.000000,0.000000,0.000000,0.000000,0.000000,0.000000,0.000000,0.000000,0.000000,0.000000,0.000000,0.000000,0.000000,0.152507,0.000000,0.000000,0.000000,0.000000,0.000000,0.000000,0.000000,0.000000,0.000000,0.000000,0.000000,0.000000,0.000000,0.000000,0.000000,0.215519,0.000000,0.000000,0.000000,0.000000,0.000000,0.000000,0.000000,0.144364,0.000000,0.000000,0.000000,0.000000,0.000000,0.000000,0.000000,0.000000,0.000000,0.000000,0.000000,0.747691,0.000000,0.000000,0.000000,0.000000,0.000000,0.000000,0.000000,0.000000,0.000000,0.489644,0.000000,0.000000,1.000000,0.000000,0.000000,0.000000,0.000000,0.000000,0.000000,0.000000,0.000000,0.000000,0.000000,0.000000,0.000000,0.000000,0.000000,0.000000,0.000000,0.000000,0.000000,0.000000,0.000000
0.000000,0.000000,0.085173,0.081500,0.000000,0.000000,0.087033,0.063093,0.106484,0.097416,0.080900,0.000000,0.076320,0.000000,0.000000,0.433713,0.000000,0.096717,0.160646,0.000000,0.197751,0.000000,0.000000,0.000000,0.000000,0.000000,0.000000,0.000000,0.000000,0.000000,0.000000,0.000000,0.000000,0.000000,0.213543,0.000000,0.152508,0.000000,0.000000,0.000000,0.226198,0.221942,0.000000,0.000000,0.000000,0.000000,0.000000,0.000000,0.188436,0.000000,0.000000,0.000000,0.180791,0.000000,0.000000,0.000000,0.000000,0.180791,0.000000,0.226198,0.000000,0.223233,0.177355,0.338537,0.000000,0.182057,0.225099,0.000000,0.000000,0.000000,0.166805,0.132606,0.000000,0.000000,0.000000,0.000000,0.000000,0.372462,0.000000,1.000000,0.183586,0.000000,0.000000,0.000000,0.000000,0.000000,0.000000,0.000000,0.000000,0.000000,0.000000,0.000000,0.000000,0.000000,0.075570,0.000000,0.000000,0.000000,0.000000
0.000000,0.000000,0.079590,0.077072,0.000000,0.000000,0.249325,0.185219,0.096746,0.092559,0.235866,0.000000,0.217385,0.000000,0.000000,0.392441,0.000000,0.089966,0.148227,0.000000,0.184227,0.000000,0.000000,0.000000,0.000000,0.000000,0.000000,0.000000,0.000000,0.000000,0.000000,0.000000,0.000000,0.000000,0.196683,0.000000,0.313037,0.000000,0.000000,0.000000,0.209739,0.207247,0.000000,0.000000,0.000000,0.214661,0.000000,0.000000,0.176296,0.198909,0.000000,0.000000,0.171651,0.000000,0.000000,0.000000,0.124870,0.171651,0.000000,0.209739,0.000000,0.203197,0.316398,0.318431,0.117859,0.000000,0.204429,0.000000,0.000000,0.000000,0.152635,0.122688,0.069538,0.000000,0.000000,0.000000,0.000000,0.348076,0.000000,0.183586,1.000000,0.000000,0.000000,0.000000,0.000000,0.000000,0.000000,0.000000,0.000000,0.000000,0.000000,0.000000,0.000000,0.000000,0.000000,0.000000,0.000000,0.000000,0.000000
0.160288,0.000000,0.000000,0.000000,0.000000,0.000000,0.000000,0.000000,0.000000,0.000000,0.000000,0.000000,0.000000,0.000000,0.000000,0.000000,0.000000,0.000000,0.000000,0.000000,0.000000,0.000000,0.000000,0.000000,0.000000,0.000000,0.000000,0.000000,0.000000,0.267688,0.000000,0.000000,0.000000,0.000000,0.000000,0.000000,0.000000,0.000000,0.000000,0.000000,0.000000,0.000000,0.000000,0.000000,0.000000,0.000000,0.000000,0.000000,0.000000,0.000000,0.000000,0.000000,0.000000,0.000000,0.000000,0.000000,0.000000,0.000000,0.000000,0.000000,0.000000,0.000000,0.000000,0.000000,0.000000,0.000000,0.000000,0.000000,0.000000,0.126025,0.000000,0.000000,0.000000,0.138204,0.183463,0.000000,0.000000,0.000000,0.000000,0.000000,0.000000,1.000000,0.000000,0.000000,0.000000,1.000000,1.000000,0.000000,0.000000,0.000000,0.000000,0.000000,0.000000,0.000000,0.000000,0.000000,0.318133,0.000000,0.000000
0.000000,0.000000,0.000000,0.000000,0.064977,0.000000,0.000000,0.000000,0.000000,0.092436,0.090060,0.000000,0.000000,0.000000,0.000000,0.000000,0.000000,0.000000,0.000000,0.000000,0.000000,0.000000,0.000000,0.000000,0.000000,0.000000,0.000000,0.000000,0.000000,0.000000,0.000000,0.000000,0.000000,0.000000,0.000000,0.000000,0.000000,0.000000,0.334837,0.000000,0.000000,0.000000,0.000000,0.000000,0.000000,0.000000,0.000000,0.000000,0.000000,0.000000,0.000000,0.000000,0.000000,0.000000,0.000000,0.000000,0.000000,0.000000,0.000000,0.000000,0.000000,0.000000,0.000000,0.000000,0.000000,0.000000,0.000000,0.000000,0.000000,0.000000,0.000000,0.000000,0.000000,0.000000,0.000000,0.000000,0.000000,0.000000,0.000000,0.000000,0.000000,0.000000,1.000000,0.000000,0.000000,0.000000,0.000000,0.000000,0.000000,0.241030,0.000000,0.259216,0.311248,0.281637,0.216275,0.000000,0.000000,0.334459,0.000000
0.000000,0.000000,0.000000,0.000000,0.157105,0.000000,0.000000,0.000000,0.000000,0.000000,0.000000,0.000000,0.000000,0.000000,0.000000,0.000000,0.000000,0.000000,0.000000,0.000000,0.000000,0.000000,0.000000,0.000000,0.000000,0.000000,0.000000,0.000000,0.000000,0.115091,0.000000,0.000000,0.000000,0.000000,0.000000,0.000000,0.000000,0.000000,0.000000,0.000000,0.000000,0.000000,0.000000,0.000000,0.000000,0.000000,0.000000,0.000000,0.000000,0.000000,0.000000,0.000000,0.000000,0.000000,0.000000,0.000000,0.000000,0.000000,0.000000,0.000000,0.000000,0.000000,0.000000,0.000000,0.000000,0.000000,0.000000,0.000000,0.000000,0.000000,0.000000,0.000000,0.000000,0.000000,0.000000,0.000000,0.000000,0.000000,0.000000,0.000000,0.000000,0.000000,0.000000,1.000000,1.000000,0.000000,0.000000,0.650938,0.777174,0.000000,0.000000,0.000000,0.000000,0.000000,0.000000,0.000000,0.000000,0.000000,0.373802
0.000000,0.000000,0.000000,0.000000,0.157412,0.000000,0.000000,0.000000,0.000000,0.000000,0.000000,0.000000,0.000000,0.000000,0.000000,0.000000,0.000000,0.000000,0.000000,0.000000,0.000000,0.000000,0.000000,0.000000,0.000000,0.000000,0.000000,0.000000,0.000000,0.142104,0.000000,0.000000,0.000000,0.000000,0.000000,0.000000,0.000000,0.000000,0.000000,0.000000,0.000000,0.000000,0.000000,0.000000,0.000000,0.000000,0.000000,0.000000,0.000000,0.000000,0.000000,0.000000,0.000000,0.000000,0.000000,0.000000,0.000000,0.000000,0.000000,0.000000,0.000000,0.000000,0.000000,0.000000,0.000000,0.000000,0.000000,0.000000,0.000000,0.000000,0.000000,0.000000,0.000000,0.000000,0.000000,0.000000,0.000000,0.000000,0.000000,0.000000,0.000000,0.000000,0.000000,1.000000,1.000000,0.000000,0.000000,0.648261,0.842879,0.000000,0.000000,0.000000,0.000000,0.000000,0.000000,0.000000,0.000000,0.000000,0.356856
0.160288,0.000000,0.000000,0.000000,0.000000,0.000000,0.000000,0.000000,0.000000,0.000000,0.000000,0.000000,0.000000,0.000000,0.000000,0.000000,0.000000,0.000000,0.000000,0.000000,0.000000,0.000000,0.000000,0.000000,0.000000,0.000000,0.000000,0.000000,0.000000,0.267688,0.000000,0.000000,0.000000,0.000000,0.000000,0.000000,0.000000,0.000000,0.000000,0.000000,0.000000,0.000000,0.000000,0.000000,0.000000,0.000000,0.000000,0.000000,0.000000,0.000000,0.000000,0.000000,0.000000,0.000000,0.000000,0.000000,0.000000,0.000000,0.000000,0.000000,0.000000,0.000000,0.000000,0.000000,0.000000,0.000000,0.000000,0.000000,0.000000,0.126025,0.000000,0.000000,0.000000,0.138204,0.183463,0.000000,0.000000,0.000000,0.000000,0.000000,0.000000,1.000000,0.000000,0.000000,0.000000,1.000000,1.000000,0.000000,0.000000,0.000000,0.000000,0.000000,0.000000,0.000000,0.000000,0.000000,0.318133,0.000000,0.000000
0.160288,0.000000,0.000000,0.000000,0.000000,0.000000,0.000000,0.000000,0.000000,0.000000,0.000000,0.000000,0.000000,0.000000,0.000000,0.000000,0.000000,0.000000,0.000000,0.000000,0.000000,0.000000,0.000000,0.000000,0.000000,0.000000,0.000000,0.000000,0.000000,0.267688,0.000000,0.000000,0.000000,0.000000,0.000000,0.000000,0.000000,0.000000,0.000000,0.000000,0.000000,0.000000,0.000000,0.000000,0.000000,0.000000,0.000000,0.000000,0.000000,0.000000,0.000000,0.000000,0.000000,0.000000,0.000000,0.000000,0.000000,0.000000,0.000000,0.000000,0.000000,0.000000,0.000000,0.000000,0.000000,0.000000,0.000000,0.000000,0.000000,0.126025,0.000000,0.000000,0.000000,0.138204,0.183463,0.000000,0.000000,0.000000,0.000000,0.000000,0.000000,1.000000,0.000000,0.000000,0.000000,1.000000,1.000000,0.000000,0.000000,0.000000,0.000000,0.000000,0.000000,0.000000,0.000000,0.000000,0.318133,0.000000,0.000000
0.000000,0.000000,0.000000,0.000000,0.182731,0.000000,0.000000,0.000000,0.000000,0.000000,0.000000,0.000000,0.000000,0.000000,0.000000,0.000000,0.000000,0.000000,0.000000,0.000000,0.000000,0.000000,0.000000,0.000000,0.000000,0.000000,0.000000,0.000000,0.000000,0.119041,0.000000,0.000000,0.000000,0.000000,0.000000,0.000000,0.000000,0.000000,0.000000,0.000000,0.000000,0.000000,0.000000,0.000000,0.000000,0.000000,0.000000,0.000000,0.000000,0.000000,0.000000,0.000000,0.000000,0.000000,0.000000,0.000000,0.000000,0.000000,0.000000,0.000000,0.000000,0.000000,0.000000,0.000000,0.000000,0.000000,0.000000,0.000000,0.000000,0.000000,0.000000,0.000000,0.000000,0.000000,0.000000,0.000000,0.000000,0.000000,0.000000,0.000000,0.000000,0.000000,0.000000,0.650938,0.648261,0.000000,0.000000,1.000000,0.717285,0.000000,0.000000,0.000000,0.000000,0.000000,0.000000,0.000000,0.000000,0.000000,0.198408
0.000000,0.000000,0.000000,0.000000,0.166381,0.000000,0.000000,0.000000,0.000000,0.000000,0.000000,0.000000,0.000000,0.000000,0.000000,0.000000,0.000000,0.000000,0.000000,0.000000,0.000000,0.000000,0.000000,0.000000,0.000000,0.000000,0.000000,0.000000,0.000000,0.148719,0.000000,0.000000,0.000000,0.000000,0.000000,0.000000,0.000000,0.000000,0.000000,0.000000,0.000000,0.000000,0.000000,0.000000,0.000000,0.000000,0.000000,0.000000,0.000000,0.000000,0.000000,0.000000,0.000000,0.000000,0.000000,0.000000,0.000000,0.000000,0.000000,0.000000,0.000000,0.000000,0.000000,0.000000,0.000000,0.000000,0.000000,0.000000,0.000000,0.000000,0.000000,0.000000,0.000000,0.000000,0.000000,0.000000,0.000000,0.000000,0.000000,0.000000,0.000000,0.000000,0.000000,0.777174,0.842879,0.000000,0.000000,0.717285,1.000000,0.000000,0.000000,0.000000,0.000000,0.000000,0.000000,0.000000,0.000000,0.000000,0.199240
0.000000,0.000000,0.000000,0.000000,0.000000,0.000000,0.000000,0.000000,0.000000,0.000000,0.000000,0.000000,0.000000,0.000000,0.000000,0.000000,0.000000,0.000000,0.000000,0.000000,0.000000,0.000000,0.000000,0.000000,0.000000,0.000000,0.000000,0.000000,0.000000,0.000000,0.000000,0.000000,0.000000,0.000000,0.000000,0.000000,0.000000,0.000000,0.348201,0.000000,0.000000,0.000000,0.000000,0.000000,0.000000,0.000000,0.000000,0.000000,0.000000,0.000000,0.000000,0.000000,0.000000,0.000000,0.000000,0.000000,0.000000,0.000000,0.000000,0.000000,0.000000,0.000000,0.000000,0.000000,0.000000,0.000000,0.000000,0.000000,0.000000,0.000000,0.000000,0.000000,0.000000,0.000000,0.000000,0.000000,0.000000,0.000000,0.000000,0.000000,0.000000,0.000000,0.241030,0.000000,0.000000,0.000000,0.000000,0.000000,0.000000,1.000000,0.000000,0.474063,0.320714,0.291093,0.215133,0.000000,0.000000,0.776781,0.000000
0.000000,0.174081,0.000000,0.000000,0.000000,0.000000,0.000000,0.000000,0.000000,0.000000,0.000000,0.000000,0.000000,0.000000,0.000000,0.000000,0.000000,0.000000,0.000000,0.000000,0.000000,0.000000,0.000000,0.000000,0.000000,0.000000,0.000000,0.000000,0.000000,0.000000,0.000000,0.000000,0.000000,0.000000,0.000000,0.000000,0.000000,0.000000,0.000000,0.000000,0.000000,0.000000,0.000000,0.000000,0.000000,0.000000,0.000000,0.000000,0.000000,0.000000,0.000000,0.000000,0.000000,0.000000,0.000000,0.000000,0.000000,0.000000,0.000000,0.000000,0.000000,0.000000,0.000000,0.000000,0.000000,0.120080,0.000000,0.000000,0.000000,0.000000,0.000000,0.000000,0.000000,0.000000,0.000000,0.000000,0.135933,0.000000,0.000000,0.000000,0.000000,0.000000,0.000000,0.000000,0.000000,0.000000,0.000000,0.000000,0.000000,0.000000,1.000000,0.000000,0.000000,0.000000,0.000000,1.000000,0.000000,0.000000,0.000000
0.000000,0.138889,0.000000,0.000000,0.000000,0.000000,0.000000,0.000000,0.000000,0.000000,0.000000,0.000000,0.000000,0.000000,0.000000,0.000000,0.000000,0.000000,0.000000,0.000000,0.000000,0.000000,0.000000,0.000000,0.000000,0.000000,0.000000,0.000000,0.000000,0.000000,0.000000,0.000000,0.160319,0.000000,0.000000,0.000000,0.000000,0.000000,0.405241,0.000000,0.000000,0.000000,0.000000,0.000000,0.000000,0.000000,0.000000,0.000000,0.000000,0.000000,0.000000,0.000000,0.000000,0.000000,0.000000,0.000000,0.000000,0.000000,0.000000,0.000000,0.000000,0.000000,0.000000,0.000000,0.000000,0.000000,0.000000,0.000000,0.000000,0.000000,0.000000,0.000000,0.000000,0.000000,0.000000,0.000000,0.000000,0.000000,0.000000,0.000000,0.000000,0.000000,0.259216,0.000000,0.000000,0.000000,0.000000,0.000000,0.000000,0.474063,0.000000,1.000000,0.485158,0.325937,0.224456,0.000000,0.000000,0.393889,0.000000
0.000000,0.300814,0.000000,0.000000,0.000000,0.000000,0.000000,0.000000,0.000000,0.000000,0.000000,0.000000,0.000000,0.000000,0.000000,0.000000,0.000000,0.000000,0.000000,0.000000,0.000000,0.000000,0.000000,0.000000,0.000000,0.000000,0.000000,0.000000,0.000000,0.000000,0.000000,0.000000,0.140660,0.000000,0.000000,0.000000,0.000000,0.000000,0.446188,0.000000,0.000000,0.000000,0.000000,0.000000,0.000000,0.000000,0.000000,0.000000,0.000000,0.000000,0.000000,0.000000,0.000000,0.000000,0.000000,0.000000,0.000000,0.000000,0.000000,0.000000,0.000000,0.000000,0.000000,0.000000,0.000000,0.000000,0.000000,0.000000,0.000000,0.000000,0.000000,0.000000,0.000000,0.000000,0.000000,0.000000,0.000000,0.000000,0.000000,0.000000,0.000000,0.000000,0.311248,0.000000,0.000000,0.000000,0.000000,0.000000,0.000000,0.320714,0.000000,0.485158,1.000000,0.369146,0.294442,0.000000,0.000000,0.421245,0.000000
0.000000,0.000000,0.000000,0.000000,0.000000,0.000000,0.000000,0.000000,0.000000,0.000000,0.000000,0.000000,0.000000,0.000000,0.000000,0.000000,0.000000,0.000000,0.000000,0.000000,0.000000,0.000000,0.000000,0.000000,0.000000,0.000000,0.000000,0.000000,0.000000,0.000000,0.000000,0.000000,0.000000,0.000000,0.000000,0.000000,0.000000,0.000000,0.412898,0.000000,0.000000,0.000000,0.000000,0.000000,0.000000,0.000000,0.000000,0.000000,0.000000,0.000000,0.000000,0.000000,0.000000,0.000000,0.000000,0.000000,0.000000,0.000000,0.000000,0.000000,0.000000,0.000000,0.000000,0.000000,0.000000,0.000000,0.000000,0.000000,0.000000,0.000000,0.000000,0.000000,0.000000,0.000000,0.000000,0.000000,0.000000,0.000000,0.000000,0.000000,0.000000,0.000000,0.281637,0.000000,0.000000,0.000000,0.000000,0.000000,0.000000,0.291093,0.000000,0.325937,0.369146,1.000000,0.270909,0.000000,0.000000,0.410587,0.000000
0.000000,0.000000,0.000000,0.000000,0.000000,0.000000,0.000000,0.000000,0.000000,0.000000,0.000000,0.000000,0.000000,0.000000,0.000000,0.000000,0.000000,0.000000,0.000000,0.000000,0.000000,0.000000,0.000000,0.000000,0.000000,0.000000,0.000000,0.000000,0.000000,0.000000,0.000000,0.000000,0.000000,0.000000,0.000000,0.000000,0.000000,0.000000,0.320933,0.000000,0.000000,0.000000,0.000000,0.000000,0.000000,0.000000,0.000000,0.000000,0.000000,0.000000,0.000000,0.000000,0.000000,0.000000,0.000000,0.000000,0.000000,0.000000,0.000000,0.000000,0.000000,0.000000,0.000000,0.000000,0.000000,0.069936,0.000000,0.000000,0.000000,0.000000,0.000000,0.000000,0.000000,0.000000,0.000000,0.000000,0.000000,0.000000,0.000000,0.075570,0.000000,0.000000,0.216275,0.000000,0.000000,0.000000,0.000000,0.000000,0.000000,0.215133,0.000000,0.224456,0.294442,0.270909,1.000000,0.000000,0.000000,0.331573,0.000000
0.000000,0.210647,0.000000,0.000000,0.000000,0.000000,0.000000,0.000000,0.000000,0.000000,0.000000,0.000000,0.000000,0.000000,0.000000,0.000000,0.000000,0.000000,0.000000,0.000000,0.000000,0.000000,0.000000,0.000000,0.000000,0.000000,0.000000,0.000000,0.000000,0.000000,0.000000,0.000000,0.000000,0.000000,0.000000,0.000000,0.000000,0.000000,0.000000,0.000000,0.000000,0.000000,0.000000,0.000000,0.000000,0.000000,0.000000,0.000000,0.000000,0.000000,0.000000,0.000000,0.000000,0.000000,0.000000,0.000000,0.000000,0.000000,0.000000,0.000000,0.000000,0.000000,0.000000,0.000000,0.000000,0.127158,0.000000,0.000000,0.000000,0.000000,0.000000,0.000000,0.000000,0.000000,0.000000,0.000000,0.136840,0.000000,0.000000,0.000000,0.000000,0.000000,0.000000,0.000000,0.000000,0.000000,0.000000,0.000000,0.000000,0.000000,1.000000,0.000000,0.000000,0.000000,0.000000,1.000000,0.000000,0.000000,0.000000
0.118965,0.000000,0.000000,0.000000,0.000000,0.000000,0.000000,0.000000,0.000000,0.000000,0.000000,0.000000,0.000000,0.000000,0.000000,0.000000,0.000000,0.000000,0.000000,0.000000,0.000000,0.000000,0.000000,0.000000,0.000000,0.000000,0.000000,0.000000,0.000000,0.441120,0.000000,0.000000,0.000000,0.000000,0.000000,0.000000,0.000000,0.000000,0.000000,0.000000,0.000000,0.000000,0.000000,0.000000,0.000000,0.000000,0.000000,0.000000,0.000000,0.000000,0.000000,0.000000,0.000000,0.000000,0.000000,0.000000,0.000000,0.000000,0.000000,0.000000,0.000000,0.000000,0.000000,0.000000,0.000000,0.000000,0.000000,0.000000,0.000000,0.000000,0.000000,0.000000,0.000000,0.000000,0.000000,0.000000,0.000000,0.000000,0.000000,0.000000,0.000000,0.318133,0.000000,0.000000,0.000000,0.318133,0.318133,0.000000,0.000000,0.000000,0.000000,0.000000,0.000000,0.000000,0.000000,0.000000,1.000000,0.000000,0.000000
0.000000,0.000000,0.000000,0.000000,0.000000,0.000000,0.000000,0.000000,0.000000,0.000000,0.000000,0.000000,0.000000,0.000000,0.000000,0.000000,0.000000,0.000000,0.000000,0.000000,0.000000,0.000000,0.000000,0.000000,0.000000,0.000000,0.000000,0.000000,0.000000,0.000000,0.000000,0.000000,0.000000,0.000000,0.000000,0.000000,0.000000,0.000000,0.467191,0.000000,0.000000,0.000000,0.000000,0.000000,0.000000,0.000000,0.000000,0.000000,0.000000,0.000000,0.000000,0.000000,0.000000,0.000000,0.000000,0.000000,0.000000,0.000000,0.000000,0.000000,0.000000,0.000000,0.000000,0.000000,0.000000,0.000000,0.000000,0.000000,0.000000,0.000000,0.000000,0.000000,0.000000,0.000000,0.000000,0.000000,0.000000,0.000000,0.000000,0.000000,0.000000,0.000000,0.334459,0.000000,0.000000,0.000000,0.000000,0.000000,0.000000,0.776781,0.000000,0.393889,0.421245,0.410587,0.331573,0.000000,0.000000,1.000000,0.000000
0.000000,0.000000,0.000000,0.000000,0.136841,0.000000,0.000000,0.000000,0.000000,0.000000,0.000000,0.000000,0.000000,0.000000,0.000000,0.000000,0.000000,0.000000,0.000000,0.000000,0.000000,0.000000,0.000000,0.000000,0.000000,0.000000,0.000000,0.000000,0.000000,0.074679,0.000000,0.000000,0.000000,0.000000,0.000000,0.000000,0.000000,0.000000,0.000000,0.000000,0.000000,0.000000,0.000000,0.000000,0.000000,0.000000,0.000000,0.000000,0.000000,0.000000,0.000000,0.000000,0.000000,0.000000,0.000000,0.000000,0.000000,0.000000,0.000000,0.000000,0.000000,0.000000,0.000000,0.000000,0.000000,0.000000,0.000000,0.000000,0.000000,0.000000,0.000000,0.000000,0.000000,0.000000,0.000000,0.000000,0.000000,0.000000,0.000000,0.000000,0.000000,0.000000,0.000000,0.373802,0.356856,0.000000,0.000000,0.198408,0.199240,0.000000,0.000000,0.000000,0.000000,0.000000,0.000000,0.000000,0.000000,0.000000,1.000000